time (s)	coil I (A)	last det (V)	int current (uC)
7429.508120	1.131866	0.624945	544.427734
7429.509067	1.530948	0.624945	1994.235840
7429.509940	1.517329	0.624945	3318.864258
7429.510862	1.476639	0.624945	4680.325684
7429.511817	1.435679	0.624945	6051.398926
7429.512757	0.917157	0.624945	6913.526367
7429.513634	0.112533	0.624945	7012.217773
7429.514605	0.094915	0.624945	7104.379883
7429.515548	0.094951	0.624945	7193.918945
7429.516438	0.094999	0.624945	7278.467773
7429.517307	0.094849	0.624945	7360.891113
7429.518268	0.094944	0.624945	7452.132324
7429.519214	0.094973	0.624945	7541.977051
7429.520083	0.094999	0.624945	7624.530762
7429.520993	0.094893	0.624945	7710.882812
7429.521935	0.094871	0.624945	7800.250977
7430.557118	1.031356	0.555412	439.357758
7430.557989	1.523643	0.555412	1766.450439
7430.558924	1.520654	0.555412	3188.262207
7430.559908	1.478383	0.555412	4642.990723
7430.560826	1.438737	0.555412	5963.750977
7430.561717	1.061719	0.555412	6909.742187
7430.562781	0.112654	0.555412	7029.605957
7430.563679	0.094801	0.555412	7114.737305
7430.564554	0.094962	0.555412	7197.829102
7430.565416	0.094948	0.555412	7279.673828
7430.566476	0.094856	0.555412	7380.221191
7430.567362	0.094882	0.555412	7464.286133
7430.568227	0.094944	0.555412	7546.412598
7430.569223	0.094911	0.555412	7640.943848
7430.570154	0.094948	0.555412	7729.339844
7430.571062	0.094882	0.555412	7815.492187
7431.558601	1.027302	0.566635	434.548798
7431.559552	1.525463	0.566635	1885.263794
7431.560453	1.519164	0.566635	3254.030273
7431.561375	1.479159	0.566635	4617.814941
7431.562243	1.440853	0.566635	5868.475586
7431.563234	1.021410	0.566635	6880.692871
7431.564153	0.119865	0.566635	6990.848145
7431.565038	0.094885	0.566635	7074.821777
7431.566037	0.094944	0.566635	7169.670898
7431.566949	0.094863	0.566635	7256.186035
7431.567864	0.094984	0.566635	7343.096680
7431.568744	0.094991	0.566635	7426.688965
7431.569743	0.094944	0.566635	7521.538086
7431.570689	0.094929	0.566635	7611.341309
7431.571613	0.094907	0.566635	7699.035645
7431.572480	0.094940	0.566635	7781.348633
7432.564666	1.025478	0.651290	433.777405
7432.565642	1.524034	0.651290	1921.234863
7432.566590	1.515787	0.651290	3358.201172
7432.567513	1.476002	0.651290	4720.551270
7432.568379	1.437444	0.651290	5965.377930
7432.569432	0.838568	0.651290	6848.390137
7432.570304	0.107468	0.651290	6942.102539
7432.571172	0.094827	0.651290	7024.412109
7432.572111	0.094977	0.651290	7113.595215
7432.573078	0.094889	0.651290	7205.353027
7432.573996	0.094896	0.651290	7292.467773
7432.574877	0.094929	0.651290	7376.100586
7432.575886	0.094948	0.651290	7471.902832
7432.576786	0.094819	0.651290	7557.240234
7432.577657	0.094874	0.651290	7639.875488
7432.578514	0.094951	0.651290	7721.248535
7433.604539	1.024695	0.610234	433.445892
7433.605543	1.524983	0.610234	1964.528809
7433.606477	1.515498	0.610234	3380.003906
7433.607399	1.475566	0.610234	4740.476074
7433.608262	1.437034	0.610234	5980.636230
7433.609288	0.847463	0.610234	6850.133789
7433.610185	0.106102	0.610234	6945.307617
7433.611055	0.094911	0.610234	7027.879883
7433.611985	0.094889	0.610234	7116.126465
7433.612959	0.094871	0.610234	7208.530273
7433.613869	0.094904	0.610234	7294.892578
7433.614737	0.094849	0.610234	7377.221191
7433.615825	0.094940	0.610234	7480.516113
7433.616713	0.094808	0.610234	7564.706055
7433.617585	0.094911	0.610234	7647.468262
7433.618448	0.094834	0.610234	7729.310059
7434.583489	1.030411	0.680713	438.955231
7434.584454	1.523232	0.680713	1908.874512
7434.585508	1.512026	0.680713	3502.550293
7434.586424	1.471611	0.680713	4850.546387
7434.587291	1.433375	0.680713	6093.282715
7434.588372	0.678984	0.680713	6827.264648
7434.589368	0.097112	0.680713	6923.987793
7434.590244	0.094878	0.680713	7007.101074
7434.591239	0.094948	0.680713	7101.573730
7434.592276	0.094878	0.680713	7199.961914
7434.593178	0.094991	0.680713	7285.644043
7434.594035	0.094951	0.680713	7367.017090
7434.595096	0.095035	0.680713	7467.849609
7434.596095	0.094962	0.680713	7562.716797
7434.596985	0.094940	0.680713	7647.213379
7434.597966	0.094951	0.680713	7740.360352
7435.634732	1.133536	0.638303	595.106567
7435.635765	1.533827	0.638303	2179.549805
7435.636654	1.511876	0.638303	3523.607910
7435.637610	1.470176	0.638303	4929.095703
7435.638647	1.425417	0.638303	6407.253418
7435.639587	0.562039	0.638303	6935.569824
7435.640449	0.097767	0.638303	7019.845215
7435.641503	0.094962	0.638303	7119.935547
7435.642519	0.094951	0.638303	7216.405762
7435.643388	0.094933	0.638303	7298.902344
7435.644335	0.094980	0.638303	7388.848633
7435.645387	0.094929	0.638303	7488.714355
7435.646305	0.094958	0.638303	7575.886230
7435.647166	0.094937	0.638303	7657.626465
7435.648210	0.095024	0.638303	7756.832031
7435.649215	0.094948	0.638303	7852.254395
7436.621343	1.110714	0.698079	564.242737
7436.622375	1.532823	0.698079	2146.116455
7436.623259	1.512517	0.698079	3483.181641
7436.624233	1.470311	0.698079	4915.264648
7436.625295	1.424667	0.698079	6428.260742
7436.626221	0.547002	0.698079	6934.784668
7436.627077	0.097621	0.698079	7018.348145
7436.628135	0.094918	0.698079	7118.771484
7436.629136	0.094808	0.698079	7213.674805
7436.630024	0.094918	0.698079	7297.962402
7436.630999	0.094973	0.698079	7390.561035
7436.632051	0.094933	0.698079	7490.430176
7436.632957	0.094878	0.698079	7576.389648
7436.633822	0.094966	0.698079	7658.535156
7436.634910	0.094896	0.698079	7761.782227
7436.635888	0.094944	0.698079	7854.637207
7437.648416	1.115112	0.680193	572.052612
7437.649352	1.531344	0.680193	2005.390625
7437.650229	1.516498	0.680193	3335.359131
7437.651170	1.474874	0.680193	4723.215820
7437.652238	1.430035	0.680193	6250.493652
7437.653121	0.781051	0.680193	6940.161621
7437.653984	0.104117	0.680193	7030.015137
7437.655021	0.094896	0.680193	7128.422363
7437.655970	0.094907	0.680193	7218.489258
7437.656844	0.094889	0.680193	7301.422363
7437.657768	0.095010	0.680193	7389.211426
7437.658824	0.094838	0.680193	7489.359863
7437.659715	0.094904	0.680193	7573.918945
7437.660579	0.094969	0.680193	7655.972656
7437.661613	0.094962	0.680193	7754.163574
7437.662577	0.094966	0.680193	7845.710449
7438.661142	1.109399	0.702659	555.809082
7438.662182	1.532798	0.702659	2149.918945
7438.663065	1.512316	0.702659	3485.293701
7438.664025	1.470234	0.702659	4896.718750
7438.665078	1.425117	0.702659	6397.367187
7438.665999	0.579481	0.702659	6931.069336
7438.666862	0.098068	0.702659	7015.701660
7438.667925	0.094962	0.702659	7116.646484
7438.668927	0.094885	0.702659	7211.721680
7438.669814	0.094907	0.702659	7295.904297
7438.670794	0.095035	0.702659	7389.039062
7438.671849	0.094911	0.702659	7489.169922
7438.672761	0.094904	0.702659	7575.722168
7438.673624	0.094977	0.702659	7657.687012
7438.674706	0.094969	0.702659	7760.443848
7438.675679	0.094940	0.702659	7852.820801
7439.663562	1.061715	0.711848	466.092926
7439.664493	1.528059	0.711848	1888.715820
7439.665363	1.519039	0.711848	3210.280029
7439.666342	1.477632	0.711848	4656.881836
7439.667290	1.437023	0.711848	6019.179199
7439.668180	1.019971	0.711848	6926.953125
7439.669100	0.126548	0.711848	7043.376953
7439.670051	0.094867	0.711848	7133.595215
7439.670981	0.094966	0.711848	7221.913574
7439.671857	0.094951	0.711848	7305.090820
7439.672777	0.094900	0.711848	7392.398926
7439.673737	0.094958	0.711848	7483.559082
7439.674660	0.094933	0.711848	7571.182129
7439.675523	0.094926	0.711848	7653.103027
7439.676485	0.094929	0.711848	7744.424805
7439.677437	0.094933	0.711848	7834.800781
7440.701513	1.136829	0.593597	647.992310
7440.702456	1.533028	0.593597	2093.638184
7440.703379	1.512700	0.593597	3489.860352
7440.704245	1.473981	0.593597	4766.327637
7440.705286	1.430057	0.593597	6255.017578
7440.706174	0.780011	0.593597	6947.667480
7440.707043	0.103597	0.593597	7037.693848
7440.707989	0.094882	0.593597	7127.451660
7440.708957	0.094900	0.593597	7219.314941
7440.709864	0.094988	0.593597	7305.468750
7440.710741	0.095028	0.593597	7388.808594
7440.711783	0.095032	0.593597	7487.831543
7440.712677	0.094958	0.593597	7572.724609
7440.713546	0.094969	0.593597	7655.252930
7440.714416	0.094940	0.593597	7737.851074
7440.715452	0.094955	0.593597	7836.224121
7441.678267	1.026555	0.680202	435.259399
7441.679204	1.526620	0.680202	1865.702148
7441.680172	1.515952	0.680202	3333.143799
7441.681106	1.476119	0.680202	4711.839355
7441.681975	1.437371	0.680202	5960.914062
7441.682954	0.942726	0.680202	6883.842773
7441.683877	0.111793	0.680202	6987.027832
7441.684766	0.094885	0.680202	7071.380859
7441.685672	0.094911	0.680202	7157.370117
7441.686634	0.094830	0.680202	7248.596680
7441.687563	0.094779	0.680202	7336.646484
7441.688438	0.094933	0.680202	7419.712891
7441.689385	0.094830	0.680202	7509.517090
7441.690320	0.094926	0.680202	7598.272461
7441.691252	0.094926	0.680202	7686.743164
7441.692112	0.094933	0.680202	7768.385254
7442.741195	1.039405	0.683815	454.220184
7442.742059	1.523899	0.683815	1770.868896
7442.743019	1.518666	0.683815	3228.788086
7442.743979	1.477317	0.683815	4647.012207
7442.744874	1.438455	0.683815	5934.429199
7442.745796	1.040457	0.683815	6893.729980
7442.746742	0.118872	0.683815	7006.183105
7442.747674	0.094849	0.683815	7094.582031
7442.748564	0.094984	0.683815	7179.117676
7442.749495	0.094977	0.683815	7267.541016
7442.750460	0.094900	0.683815	7359.119629
7442.751339	0.094940	0.683815	7442.572266
7442.752246	0.095028	0.683815	7528.762695
7442.753203	0.094958	0.683815	7619.638184
7442.754130	0.094918	0.683815	7707.627441
7442.755002	0.094958	0.683815	7790.431152
7443.705287	1.034253	0.703912	449.900055
7443.706164	1.523383	0.703912	1785.906494
7443.707035	1.522017	0.703912	3111.583008
7443.707925	1.483250	0.703912	4431.674805
7443.708909	1.441036	0.703912	5849.654297
7443.709834	1.110238	0.703912	6876.624512
7443.710697	0.146550	0.703912	7003.097656
7443.711713	0.094808	0.703912	7099.422852
7443.712609	0.094871	0.703912	7184.426758
7443.713523	0.094889	0.703912	7271.155273
7443.714397	0.094929	0.703912	7354.123535
7443.715381	0.094878	0.703912	7447.483398
7443.716298	0.094823	0.703912	7534.436035
7443.717182	0.094922	0.703912	7618.347168
7443.718187	0.094962	0.703912	7713.784180
7443.719082	0.094911	0.703912	7798.729492
7444.771785	1.040449	0.682566	451.554993
7444.772661	1.524540	0.682566	1787.051758
7444.773526	1.522394	0.682566	3103.922363
7444.774619	1.475951	0.682566	4717.136719
7444.775530	1.435492	0.682566	6024.870117
7444.776458	0.951475	0.682566	6907.838379
7444.777318	0.117616	0.682566	7008.988281
7444.778347	0.094918	0.682566	7106.659180
7444.779228	0.094889	0.682566	7190.256348
7444.780095	0.094980	0.682566	7272.604492
7444.781077	0.094958	0.682566	7365.853516
7444.782010	0.094929	0.682566	7454.422363
7444.782925	0.094863	0.682566	7541.222168
7444.783802	0.094980	0.682566	7624.520020
7444.784830	0.094977	0.682566	7722.156250
7444.785719	0.094926	0.682566	7806.544922
7445.730322	1.103624	0.729045	561.744751
7445.731355	1.532413	0.729045	2144.727783
7445.732249	1.511693	0.729045	3496.181396
7445.733159	1.471351	0.729045	4835.111328
7445.734247	1.425161	0.729045	6385.686523
7445.735209	0.535928	0.729045	6901.249023
7445.736075	0.097390	0.729045	6985.588867
7445.737130	0.094980	0.729045	7085.793457
7445.738144	0.094940	0.729045	7182.062988
7445.739028	0.094885	0.729045	7265.941406
7445.740000	0.094915	0.729045	7358.198242
7445.741044	0.094948	0.729045	7457.323242
7445.741964	0.094929	0.729045	7544.658203
7445.742822	0.094889	0.729045	7626.072754
7445.743903	0.094929	0.729045	7728.691406
7445.744903	0.094915	0.729045	7823.605957
7446.801853	1.024361	0.697765	430.231812
7446.802738	1.522441	0.697765	1777.592407
7446.803846	1.512869	0.697765	3453.850830
7446.804835	1.469139	0.697765	4906.829590
7446.805728	1.431123	0.697765	6184.822266
7446.806717	0.713265	0.697765	6890.241699
7446.807767	0.097167	0.697765	6992.266602
7446.808668	0.094830	0.697765	7077.708496
7446.809530	0.094878	0.697765	7159.493164
7446.810612	0.094984	0.697765	7262.266113
7446.811589	0.094849	0.697765	7354.933105
7446.812451	0.094871	0.697765	7436.711426
7446.813457	0.094991	0.697765	7532.272949
7446.814506	0.094893	0.697765	7631.815430
7446.815387	0.094856	0.697765	7715.383301
7446.816248	0.094867	0.697765	7797.063965
7447.761388	1.059917	0.762271	504.520477
7447.762334	1.528865	0.762271	1950.826538
7447.763263	1.515205	0.762271	3358.452148
7447.764143	1.476870	0.762271	4658.097656
7447.765072	1.436404	0.762271	5992.516602
7447.766032	0.916205	0.762271	6872.073242
7447.766954	0.109475	0.762271	6973.009277
7447.767813	0.094783	0.762271	7054.427734
7447.768783	0.094849	0.762271	7146.430664
7447.769728	0.094874	0.762271	7236.086914
7447.770613	0.094871	0.762271	7320.047363
7447.771495	0.094852	0.762271	7403.707031
7447.772426	0.094926	0.762271	7492.082520
7447.773377	0.094834	0.762271	7582.269531
7447.774268	0.094816	0.762271	7666.750488
7447.775176	0.094878	0.762271	7752.899414
7448.827319	1.041500	0.675496	439.513092
7448.828312	1.530015	0.675496	1958.817627
7448.829244	1.516033	0.675496	3371.760254
7448.830126	1.476837	0.675496	4674.330566
7448.831088	1.436620	0.675496	6056.358887
7448.832043	0.909547	0.675496	6924.976562
7448.832974	0.108285	0.675496	7025.790039
7448.833835	0.094805	0.675496	7107.416992
7448.834767	0.094878	0.675496	7195.843262
7448.835729	0.094911	0.675496	7287.147461
7448.836644	0.094896	0.675496	7373.977539
7448.837517	0.094838	0.675496	7456.770996
7448.838494	0.094918	0.675496	7549.505859
7448.839448	0.094874	0.675496	7640.016113
7448.840336	0.094929	0.675496	7724.313477
7448.841217	0.094867	0.675496	7807.891113
7449.790972	1.086039	0.816447	529.986938
7449.791854	1.527312	0.816447	1877.076172
7449.792722	1.519200	0.816447	3195.742187
7449.793786	1.473900	0.816447	4763.972168
7449.794741	1.432346	0.816447	6131.862793
7449.795624	0.907921	0.816447	6933.557129
7449.796514	0.112958	0.816447	7034.089355
7449.797598	0.094988	0.816447	7137.056152
7449.798475	0.094922	0.816447	7220.302734
7449.799332	0.094958	0.816447	7301.682129
7449.800333	0.094999	0.816447	7396.775879
7449.801316	0.094915	0.816447	7490.076660
7449.802190	0.094915	0.816447	7573.031738
7449.803051	0.094885	0.816447	7654.728027
7449.804165	0.094988	0.816447	7760.544434
7449.805063	0.094915	0.816447	7845.777832
7450.853908	1.107297	0.665337	559.185181
7450.854827	1.530868	0.665337	1966.052856
7450.855697	1.517490	0.665337	3286.269531
7450.856677	1.475028	0.665337	4731.796875
7450.857687	1.430867	0.665337	6176.972168
7450.858590	0.827205	0.665337	6923.937988
7450.859454	0.106337	0.665337	7015.812988
7450.860539	0.094907	0.665337	7118.787109
7450.861461	0.094951	0.665337	7206.332031
7450.862338	0.094940	0.665337	7289.594727
7450.863299	0.095010	0.665337	7380.898926
7450.864318	0.094933	0.665337	7477.635742
7450.865204	0.094878	0.665337	7561.697754
7450.866065	0.094962	0.665337	7643.459961
7450.867133	0.094955	0.665337	7744.871582
7450.868062	0.094900	0.665337	7833.033691
7451.824583	1.037747	0.811348	451.419739
7451.825449	1.522756	0.811348	1770.126709
7451.826525	1.513894	0.811348	3399.076660
7451.827552	1.469315	0.811348	4908.063477
7451.828435	1.430801	0.811348	6171.460449
7451.829431	0.741797	0.811348	6910.290039
7451.830467	0.097690	0.811348	7011.497559
7451.831376	0.094918	0.811348	7097.778320
7451.832240	0.094911	0.811348	7179.781250
7451.833281	0.094940	0.811348	7278.613770
7451.834280	0.094904	0.811348	7373.422363
7451.835170	0.094977	0.811348	7457.951660
7451.836125	0.094933	0.811348	7548.612305
7451.837180	0.094929	0.811348	7648.762695
7451.838093	0.094929	0.811348	7735.433105
7451.838955	0.094937	0.811348	7817.268555
7452.875250	1.072306	0.696057	514.706848
7452.876188	1.529930	0.696057	1949.781494
7452.877116	1.515806	0.696057	3356.449219
7452.877985	1.477189	0.696057	4640.125977
7452.878955	1.436382	0.696057	6033.416504
7452.879917	0.911038	0.696057	6909.834961
7452.880805	0.110248	0.696057	7007.734863
7452.881667	0.094816	0.696057	7089.465820
7452.882616	0.094933	0.696057	7179.557129
7452.883568	0.094962	0.696057	7269.960937
7452.884455	0.094944	0.696057	7354.176270
7452.885365	0.094874	0.696057	7440.511719
7452.886316	0.094860	0.696057	7530.723145
7452.887236	0.094907	0.696057	7618.037598
7452.888107	0.094838	0.696057	7700.641113
7452.889096	0.094893	0.696057	7794.489746
7453.860861	1.054424	0.814707	515.613220
7453.861810	1.529725	0.814707	1967.322510
7453.862744	1.514132	0.814707	3381.521973
7453.863622	1.475750	0.814707	4677.229980
7453.864558	1.435247	0.814707	6020.620605
7453.865514	0.895521	0.814707	6876.738770
7453.866442	0.107985	0.814707	6976.948730
7453.867299	0.094896	0.814707	7058.274902
7453.868246	0.094911	0.814707	7148.155273
7453.869195	0.094948	0.814707	7238.260254
7453.870087	0.094893	0.814707	7322.904297
7453.871000	0.094973	0.814707	7409.614746
7453.871912	0.094940	0.814707	7496.200195
7453.872859	0.094955	0.814707	7586.122559
7453.873748	0.094933	0.814707	7670.518066
7453.874674	0.094904	0.814707	7758.398926
7454.889914	1.034678	0.694599	437.668640
7454.890897	1.529187	0.694599	1940.859375
7454.891824	1.516377	0.694599	3346.540771
7454.892710	1.477214	0.694599	4655.352539
7454.893632	1.438326	0.694599	5981.489258
7454.894579	0.967731	0.694599	6897.930176
7454.895523	0.114174	0.694599	7005.709961
7454.896393	0.094827	0.694599	7088.208984
7454.897307	0.094918	0.694599	7174.964355
7454.898269	0.094926	0.694599	7266.282715
7454.899185	0.094933	0.694599	7353.241211
7454.900059	0.094907	0.694599	7436.189941
7454.901028	0.094911	0.694599	7528.158691
7454.901956	0.094933	0.694599	7616.256348
7454.902863	0.094966	0.694599	7702.390137
7454.903721	0.094860	0.694599	7783.779785
7455.901631	1.030071	0.705306	438.810150
7455.902521	1.522584	0.705306	1793.910156
7455.903626	1.513488	0.705306	3466.313965
7455.904515	1.473761	0.705306	4776.487305
7455.905382	1.435624	0.705306	6021.172852
7455.906274	0.934391	0.705306	6854.649414
7455.907315	0.103019	0.705306	6961.892090
7455.908211	0.094849	0.705306	7046.876465
7455.909076	0.094867	0.705306	7128.936523
7455.910174	0.094860	0.705306	7233.092285
7455.911082	0.094819	0.705306	7319.188477
7455.912004	0.094878	0.705306	7406.666016
7455.912870	0.094926	0.705306	7488.871582
7455.913904	0.094882	0.705306	7586.979004
7455.914785	0.094907	0.705306	7670.592285
7455.915653	0.094911	0.705306	7752.975098
7456.906269	1.113684	0.772180	567.978882
7456.907243	1.532501	0.772180	2060.635254
7456.908126	1.514293	0.772180	3397.756104
7456.909132	1.470095	0.772180	4876.671875
7456.910198	1.425146	0.772180	6395.877930
7456.911096	0.609045	0.772180	6942.800781
7456.911983	0.098701	0.772180	7030.348633
7456.913082	0.094900	0.772180	7134.643555
7456.914037	0.094878	0.772180	7225.251953
7456.914901	0.094948	0.772180	7307.286621
7456.915936	0.095046	0.772180	7405.659668
7456.916952	0.094882	0.772180	7502.059570
7456.917843	0.094860	0.772180	7586.579590
7456.918770	0.094926	0.772180	7674.575684
7456.919824	0.094882	0.772180	7774.581055
7456.920756	0.094926	0.772180	7863.051758
7457.942069	1.152371	0.730414	617.670654
7457.943122	1.532992	0.730414	2231.911133
7457.944058	1.507822	0.730414	3643.232910
7457.944928	1.468246	0.730414	4920.606934
7457.946008	1.422839	0.730414	6457.273437
7457.947013	0.406637	0.730414	6865.943359
7457.947906	0.095610	0.730414	6951.323242
7457.948896	0.094896	0.730414	7045.270508
7457.949946	0.094889	0.730414	7144.903809
7457.950851	0.094882	0.730414	7230.771484
7457.951710	0.094926	0.730414	7312.312500
7457.952785	0.094933	0.730414	7414.365234
7457.953785	0.094874	0.730414	7509.239258
7457.954664	0.094885	0.730414	7592.643555
7457.955668	0.094966	0.730414	7687.989258
7458.925526	1.068307	0.826111	473.259918
7458.926404	1.524760	0.826111	1811.998779
7458.927341	1.518340	0.826111	3234.683105
7458.928303	1.477126	0.826111	4655.678711
7458.929228	1.437103	0.826111	5984.999023
7458.930098	1.041665	0.826111	6891.247559
7458.931060	0.120923	0.826111	7007.575195
7458.932022	0.094860	0.826111	7098.830078
7458.932911	0.094969	0.826111	7183.257812
7458.933815	0.094845	0.826111	7268.997559
7458.934737	0.094937	0.826111	7356.528809
7458.935683	0.094863	0.826111	7446.269531
7458.936578	0.094991	0.826111	7531.287109
7458.937503	0.094852	0.826111	7619.025391
7458.938446	0.094937	0.826111	7708.550781
7458.939367	0.094885	0.826111	7795.939941
7459.971596	1.087775	0.737255	536.272888
7459.972535	1.530139	0.737255	1973.073486
7459.973406	1.516864	0.737255	3294.261963
7459.974329	1.477009	0.737255	4657.541504
7459.975279	1.435214	0.737255	6020.994629
7459.976226	0.907141	0.737255	6880.057129
7459.977117	0.109995	0.737255	6978.062988
7459.978023	0.094823	0.737255	7063.972656
7459.978985	0.094885	0.737255	7155.252441
7459.979875	0.094871	0.737255	7239.687500
7459.980788	0.094944	0.737255	7326.371094
7459.981751	0.094948	0.737255	7417.805664
7459.982676	0.094911	0.737255	7505.598145
7459.983540	0.094918	0.737255	7587.607422
7459.984456	0.094900	0.737255	7674.535645
7459.985403	0.094893	0.737255	7764.398926
7460.958138	1.031609	0.881009	435.338959
7460.959013	1.522738	0.881009	1767.734863
7460.959976	1.518384	0.881009	3229.938477
7460.960880	1.478936	0.881009	4566.896484
7460.961805	1.439242	0.881009	5898.195312
7460.962680	1.111703	0.881009	6870.935547
7460.963691	0.122834	0.881009	6995.121094
7460.964620	0.094786	0.881009	7083.177734
7460.965501	0.094969	0.881009	7166.845703
7460.966368	0.094937	0.881009	7249.155762
7460.967320	0.094955	0.881009	7339.552734
7460.968263	0.094889	0.881009	7429.033203
7460.969136	0.094911	0.881009	7511.890625
7460.970044	0.094926	0.881009	7598.083008
7460.970994	0.094915	0.881009	7688.251953
7460.971919	0.094984	0.881009	7776.112305
7461.988794	1.030986	0.726104	437.138184
7461.989738	1.523588	0.726104	1875.404907
7461.990684	1.517091	0.726104	3310.572998
7461.991608	1.476797	0.726104	4675.133301
7461.992474	1.438751	0.726104	5921.091797
7461.993445	0.965427	0.726104	6858.521484
7461.994398	0.113617	0.726104	6966.798340
7461.995264	0.094838	0.726104	7048.927734
7461.996250	0.094867	0.726104	7142.466309
7461.997155	0.094926	0.726104	7228.374023
7461.998075	0.094867	0.726104	7315.651367
7461.998950	0.094922	0.726104	7398.708008
7461.999902	0.094911	0.726104	7489.062988
7462.000835	0.094885	0.726104	7577.590820
7462.001760	0.094969	0.726104	7665.437500
7462.002622	0.094933	0.726104	7747.269531
7462.996463	1.089349	0.828226	507.636810
7462.997350	1.526821	0.828226	1861.927246
7462.998213	1.519365	0.828226	3173.139404
7462.999287	1.474178	0.828226	4756.407227
7463.000197	1.434155	0.828226	6061.488281
7463.001079	0.976523	0.828226	6922.782227
7463.002040	0.119121	0.828226	7037.257812
7463.003050	0.094918	0.828226	7133.125000
7463.003939	0.094889	0.828226	7217.481445
7463.004802	0.094904	0.828226	7299.383301
7463.005867	0.094962	0.828226	7400.518066
7463.006818	0.094867	0.828226	7490.736328
7463.007695	0.094885	0.828226	7573.950684
7463.008626	0.094911	0.828226	7662.312500
7463.009657	0.094823	0.828226	7760.075195
7463.010537	0.094874	0.828226	7843.564453
7463.998995	1.112955	0.757638	567.607178
7463.999941	1.531798	0.757638	2016.688232
7464.000814	1.515923	0.757638	3340.088867
7464.001846	1.470754	0.757638	4857.907227
7464.002888	1.426337	0.757638	6344.149902
7464.003788	0.663563	0.757638	6941.356934
7464.004725	0.099785	0.757638	7034.855469
7464.005791	0.094980	0.757638	7136.104492
7464.006732	0.094867	0.757638	7225.374512
7464.007595	0.094871	0.757638	7307.248047
7464.008650	0.094958	0.757638	7407.429199
7464.009657	0.094915	0.757638	7503.008301
7464.010538	0.094896	0.757638	7586.611816
7464.011497	0.094896	0.757638	7677.617187
7464.012540	0.094977	0.757638	7776.678223
7464.013463	0.094896	0.757638	7864.267578
7465.039814	1.037117	0.657965	448.034393
7465.040687	1.524119	0.657965	1778.589966
7465.041704	1.516271	0.657965	3320.637207
7465.042745	1.471480	0.657965	4852.447266
7465.043628	1.432760	0.657965	6117.574219
7465.044548	0.850891	0.657965	6900.394043
7465.045625	0.099836	0.657965	7007.917969
7465.046565	0.094874	0.657965	7097.099609
7465.047424	0.094955	0.657965	7178.666016
7465.048461	0.094933	0.657965	7277.111328
7465.049489	0.094852	0.657965	7374.619629
7465.050357	0.094893	0.657965	7456.986328
7465.051300	0.094955	0.657965	7546.528809
7465.052349	0.094999	0.657965	7646.182617
7465.053288	0.094926	0.657965	7735.317871
7465.054155	0.094940	0.657965	7817.630859
7466.012596	1.018986	0.797325	427.973969
7466.013459	1.521508	0.797325	1741.035034
7466.014436	1.518483	0.797325	3224.592529
7466.015379	1.477917	0.797325	4618.268555
7466.016274	1.439077	0.797325	5906.242676
7466.017210	1.039006	0.797325	6878.752441
7466.018174	0.121487	0.797325	6995.865723
7466.019045	0.094779	0.797325	7078.418457
7466.019938	0.094885	0.797325	7163.150879
7466.020884	0.094856	0.797325	7252.884766
7466.021845	0.094805	0.797325	7343.992187
7466.022734	0.094885	0.797325	7428.345215
7466.023637	0.094768	0.797325	7513.920898
7466.024595	0.094849	0.797325	7604.786133
7466.025508	0.094819	0.797325	7691.355957
7466.026372	0.094838	0.797325	7773.295898
7467.078114	1.088427	0.652032	502.853088
7467.079010	1.528184	0.652032	1872.105469
7467.079875	1.519482	0.652032	3186.458008
7467.080851	1.477899	0.652032	4628.887695
7467.081808	1.437092	0.652032	6004.185059
7467.082711	1.016345	0.652032	6921.944824
7467.083641	0.125076	0.652032	7038.265137
7467.084574	0.094852	0.652032	7126.762207
7467.085480	0.094860	0.652032	7212.705078
7467.086372	0.094962	0.652032	7297.411133
7467.087282	0.094900	0.652032	7383.770020
7467.088243	0.094926	0.652032	7474.993652
7467.089135	0.094977	0.652032	7559.712891
7467.090044	0.094860	0.652032	7645.940430
7467.091003	0.094926	0.652032	7736.974121
7467.091923	0.094893	0.652032	7824.275391
7468.038079	1.026420	0.808878	440.334076
7468.039023	1.522485	0.808878	1877.560303
7468.039937	1.516553	0.808878	3263.689453
7468.040875	1.476504	0.808878	4648.650391
7468.041756	1.438359	0.808878	5915.844727
7468.042667	1.053538	0.808878	6875.617676
7468.043623	0.122146	0.808878	6992.389160
7468.044548	0.094882	0.808878	7080.154785
7468.045409	0.094900	0.808878	7161.863770
7468.046374	0.094893	0.808878	7253.435059
7468.047307	0.094849	0.808878	7341.928711
7468.048214	0.094852	0.808878	7427.959961
7468.049074	0.094918	0.808878	7509.589844
7468.050036	0.094896	0.808878	7600.879883
7468.050983	0.094834	0.808878	7690.687500
7468.051866	0.094904	0.808878	7774.487305
7469.102016	1.035242	0.654888	442.048157
7469.102934	1.526353	0.654888	1843.239746
7469.103904	1.516370	0.654888	3314.118164
7469.104834	1.475944	0.654888	4686.745605
7469.105709	1.437462	0.654888	5944.524902
7469.106693	0.947977	0.654888	6877.334473
7469.107619	0.111877	0.654888	6980.933105
7469.108477	0.094819	0.654888	7062.288086
7469.109423	0.094845	0.654888	7152.011230
7469.110366	0.094823	0.654888	7241.429199
7469.111279	0.094874	0.654888	7328.049316
7469.112148	0.094871	0.654888	7410.491699
7469.113105	0.094900	0.654888	7501.311035
7469.114058	0.094893	0.654888	7591.743652
7469.114943	0.094896	0.654888	7675.727051
7469.115855	0.094867	0.654888	7762.245605
7470.076869	1.032825	0.810353	445.147461
7470.077733	1.522701	0.810353	1760.761475
7470.078760	1.516428	0.810353	3318.133301
7470.079677	1.475233	0.810353	4670.921875
7470.080602	1.435909	0.810353	5999.138184
7470.081477	0.989883	0.810353	6865.285645
7470.082501	0.107531	0.810353	6975.396973
7470.083385	0.094812	0.810353	7059.210937
7470.084251	0.094838	0.810353	7141.340332
7470.085251	0.094896	0.810353	7236.236328
7470.086167	0.094849	0.810353	7323.117676
7470.087065	0.094819	0.810353	7408.265625
7470.087939	0.094860	0.810353	7491.172852
7470.088950	0.094801	0.810353	7587.016602
7470.089843	0.094878	0.810353	7671.742676
7470.090717	0.094808	0.810353	7754.604980
7471.114166	1.039380	0.713874	435.500153
7471.115264	1.530571	0.713874	2116.067627
7471.116163	1.512195	0.713874	3475.530762
7471.117042	1.473611	0.713874	4770.834961
7471.118029	1.431431	0.713874	6183.657227
7471.119041	0.677886	0.713874	6869.677734
7471.119928	0.099481	0.713874	6957.917480
7471.120788	0.094823	0.713874	7039.465332
7471.121884	0.094915	0.713874	7143.491699
7471.122807	0.094838	0.713874	7231.026855
7471.123683	0.094852	0.713874	7314.117676
7471.124654	0.094980	0.713874	7406.343750
7471.125656	0.094933	0.713874	7501.466309
7471.126539	0.094966	0.713874	7585.321289
7471.127400	0.094915	0.713874	7667.042480
7471.128455	0.094940	0.713874	7767.204590
7472.118777	1.090547	0.757618	527.824646
7472.119658	1.527865	0.757618	1873.873535
7472.120607	1.516739	0.757618	3313.259277
7472.121683	1.469293	0.757618	4894.218750
7472.122626	1.429146	0.757618	6241.903320
7472.123498	0.801046	0.757618	6940.415527
7472.124560	0.098771	0.757618	7045.310059
7472.125557	0.094926	0.757618	7139.950684
7472.126442	0.094878	0.757618	7223.917480
7472.127412	0.095021	0.757618	7316.087402
7472.128457	0.094841	0.757618	7415.196777
7472.129355	0.094885	0.757618	7500.403809
7472.130213	0.094922	0.757618	7581.846680
7472.131275	0.094984	0.757618	7682.719727
7472.132280	0.094874	0.757618	7778.068359
7472.133150	0.094860	0.757618	7860.596191
7473.127490	1.153378	0.781602	647.044922
7473.128545	1.533010	0.781602	2264.370605
7473.129440	1.508013	0.781602	3614.041992
7473.130332	1.467594	0.781602	4923.135742
7473.131427	1.422290	0.781602	6480.543457
7473.132390	0.449777	0.781602	6913.678223
7473.133250	0.096365	0.781602	6996.551758
7473.134280	0.094918	0.781602	7094.317383
7473.135307	0.094882	0.781602	7191.760742
7473.136186	0.094856	0.781602	7275.139160
7473.137105	0.094871	0.781602	7362.325195
7473.138175	0.094900	0.781602	7463.868164
7473.139103	0.094860	0.781602	7551.897949
7473.139974	0.094889	0.781602	7634.546387
7473.140998	0.094944	0.781602	7731.769043
7474.159039	1.034447	0.670663	440.674438
7474.159963	1.523826	0.670663	1848.689331
7474.160894	1.517820	0.670663	3261.779541
7474.161817	1.477837	0.670663	4625.823242
7474.162701	1.439348	0.670663	5898.207031
7474.163688	0.999686	0.670663	6884.897461
7474.164599	0.115371	0.670663	6990.000488
7474.165527	0.094819	0.670663	7077.992676
7474.166388	0.094907	0.670663	7159.708008
7474.167465	0.094871	0.670663	7261.883789
7474.168495	0.094911	0.670663	7359.642090
7474.169377	0.094878	0.670663	7443.324219
7474.170276	0.094948	0.670663	7528.682129
7474.171355	0.094940	0.670663	7631.122559
7474.172307	0.094871	0.670663	7721.439453
7474.173165	0.094988	0.670663	7802.938965
7475.146736	1.074357	0.849608	501.724579
7475.147626	1.527081	0.849608	1860.826904
7475.148497	1.518904	0.849608	3183.791992
7475.149468	1.477679	0.849608	4618.618652
7475.150432	1.436345	0.849608	6003.255371
7475.151333	1.002059	0.849608	6906.110840
7475.152251	0.124076	0.849608	7020.012695
7475.153181	0.094911	0.849608	7108.279785
7475.154131	0.094830	0.849608	7198.368652
7475.155010	0.094937	0.849608	7281.817871
7475.155915	0.094926	0.849608	7367.725586
7475.156860	0.094900	0.849608	7457.405762
7475.157775	0.094889	0.849608	7544.229004
7475.158650	0.094926	0.849608	7627.289062
7475.159608	0.094907	0.849608	7718.209961
7475.160526	0.094860	0.849608	7805.291016
7476.189666	1.045305	0.636067	479.795044
7476.190554	1.527539	0.636067	1836.249634
7476.191471	1.518420	0.636067	3228.641113
7476.192434	1.476398	0.636067	4650.412109
7476.193352	1.436982	0.636067	5969.562012
7476.194234	1.053944	0.636067	6899.140625
7476.195167	0.129203	0.636067	7019.687012
7476.196099	0.094878	0.636067	7108.113281
7476.197028	0.094918	0.636067	7196.292480
7476.197904	0.094885	0.636067	7279.412109
7476.198843	0.094882	0.636067	7368.505859
7476.199752	0.094904	0.636067	7454.773437
7476.200680	0.094937	0.636067	7542.874512
7476.201542	0.094915	0.636067	7624.690918
7476.202510	0.094878	0.636067	7716.532715
7476.203460	0.094900	0.636067	7806.687500
7477.174287	1.078074	0.868602	548.739563
7477.175269	1.531857	0.868602	2053.022705
7477.176193	1.512283	0.868602	3450.371826
7477.177061	1.473933	0.868602	4729.745605
7477.178146	1.428571	0.868602	6279.744629
7477.179042	0.740621	0.868602	6943.341309
7477.179910	0.101763	0.868602	7031.671387
7477.180787	0.094907	0.868602	7114.904785
7477.181818	0.094904	0.868602	7212.750488
7477.182714	0.094922	0.868602	7297.800293
7477.183587	0.094944	0.868602	7380.686035
7477.184565	0.094991	0.868602	7473.587891
7477.185508	0.094933	0.868602	7563.109375
7477.186432	0.094933	0.868602	7650.827148
7477.187295	0.094922	0.868602	7732.744629
7477.188330	0.094929	0.868602	7830.996582
7478.215619	1.028042	0.618097	444.114136
7478.216489	1.524133	0.618097	1770.109985
7478.217506	1.516586	0.618097	3312.477539
7478.218491	1.473779	0.618097	4764.149902
7478.219370	1.435459	0.618097	6025.918457
7478.220245	0.944011	0.618097	6851.928223
7478.221367	0.103228	0.618097	6967.749512
7478.222241	0.094885	0.618097	7050.679199
7478.223097	0.094878	0.618097	7131.894531
7478.224152	0.094900	0.618097	7232.014160
7478.225107	0.094962	0.618097	7322.703125
7478.226020	0.094882	0.618097	7409.330078
7478.226898	0.094911	0.618097	7492.661621
7478.227981	0.094926	0.618097	7595.465820
7478.228889	0.094874	0.618097	7681.611816
7478.229752	0.094958	0.618097	7763.561035
7479.205306	1.044613	0.843131	442.915924
7479.206287	1.527920	0.843131	1941.805298
7479.207210	1.515146	0.843131	3340.285645
7479.208133	1.475544	0.843131	4702.212891
7479.209003	1.436752	0.843131	5952.186523
7479.209959	0.960278	0.843131	6870.212402
7479.210899	0.111467	0.843131	6974.991699
7479.211777	0.094871	0.843131	7058.288086
7479.212726	0.094948	0.843131	7148.393066
7479.213666	0.094885	0.843131	7237.584961
7479.214565	0.094922	0.843131	7322.919922
7479.215426	0.094845	0.843131	7404.581543
7479.216396	0.094948	0.843131	7496.680664
7479.217336	0.094878	0.843131	7585.865723
7479.218218	0.094922	0.843131	7669.586914
7479.219145	0.094926	0.843131	7757.583008
7480.240597	1.053988	0.596227	463.754761
7480.241465	1.524778	0.596227	1787.261963
7480.242447	1.518106	0.596227	3278.041504
7480.243392	1.476537	0.596227	4673.369141
7480.244298	1.437297	0.596227	5975.560547
7480.245167	1.012192	0.596227	6855.155762
7480.246126	0.118594	0.596227	6968.887207
7480.247067	0.094863	0.596227	7058.153320
7480.247959	0.094991	0.596227	7142.885742
7480.248865	0.094929	0.596227	7228.891602
7480.249823	0.094915	0.596227	7319.819824
7480.250748	0.094896	0.596227	7407.598633
7480.251609	0.094951	0.596227	7489.351562
7480.252551	0.094944	0.596227	7578.788574
7480.253485	0.094893	0.596227	7667.418457
7480.254407	0.094911	0.596227	7754.926270
7481.235401	1.037238	0.814772	448.086609
7481.236274	1.523108	0.814772	1777.759766
7481.237137	1.521815	0.814772	3091.086426
7481.238132	1.479056	0.814772	4562.747559
7481.239060	1.439150	0.814772	5898.279297
7481.239931	1.128391	0.814772	6881.107910
7481.240926	0.140695	0.814772	7021.099121
7481.241835	0.094827	0.814772	7107.296387
7481.242767	0.094966	0.814772	7195.804687
7481.243643	0.094984	0.814772	7279.010742
7481.244575	0.094951	0.814772	7367.505371
7481.245513	0.094988	0.814772	7456.604004
7481.246402	0.095017	0.814772	7541.074219
7481.247313	0.095065	0.814772	7627.678223
7481.248288	0.094929	0.814772	7720.234375
7481.249205	0.094999	0.814772	7807.348145
7482.265037	1.049414	0.609859	460.692749
7482.265907	1.524756	0.609859	1787.230347
7482.266880	1.517322	0.609859	3263.584473
7482.267896	1.472988	0.609859	4760.140625
7482.268804	1.434338	0.609859	6062.520020
7482.269676	0.956437	0.609859	6896.532715
7482.270754	0.102990	0.609859	7007.555176
7482.271685	0.094816	0.609859	7095.828613
7482.272562	0.094926	0.609859	7179.078125
7482.273530	0.094988	0.609859	7271.026367
7482.274540	0.094926	0.609859	7366.901367
7482.275430	0.094929	0.609859	7451.388184
7482.276293	0.094911	0.609859	7533.296387
7482.277345	0.094882	0.609859	7633.111816
7482.278269	0.094893	0.609859	7720.792480
7482.279138	0.094878	0.609859	7803.241211
7483.266004	1.049989	0.770927	472.495056
7483.267093	1.530747	0.770927	2139.478516
7483.268045	1.509119	0.770927	3576.159668
7483.268911	1.470392	0.770927	4849.519043
7483.269944	1.426732	0.770927	6323.333496
7483.270989	0.520525	0.770927	6867.282227
7483.271859	0.096559	0.770927	6951.288574
7483.272791	0.094889	0.770927	7039.725098
7483.273841	0.094882	0.770927	7139.350586
7483.274788	0.094940	0.770927	7229.258789
7483.275653	0.094823	0.770927	7311.280762
7483.276684	0.094944	0.770927	7409.167969
7483.277701	0.094955	0.770927	7505.736816
7483.278592	0.094900	0.770927	7590.292480
7483.279529	0.094962	0.770927	7679.271973
7483.280583	0.094951	0.770927	7779.350586
7484.289484	1.050699	0.614113	464.409119
7484.290363	1.525280	0.614113	1805.129883
7484.291226	1.521028	0.614113	3117.776855
7484.292203	1.480016	0.614113	4563.752441
7484.293158	1.438898	0.614113	5937.899902
7484.294055	1.074800	0.614113	6901.995605
7484.294969	0.136945	0.614113	7027.163086
7484.295885	0.094794	0.614113	7113.994141
7484.296812	0.094966	0.614113	7202.027344
7484.297683	0.094900	0.614113	7284.685059
7484.298653	0.094882	0.614113	7376.720215
7484.299605	0.094845	0.614113	7467.012695
7484.300494	0.094860	0.614113	7551.342773
7484.301401	0.094900	0.614113	7637.416992
7484.302338	0.094926	0.614113	7726.362305
7484.303262	0.094878	0.614113	7814.029297
7485.292478	1.026834	0.772563	437.431091
7485.293346	1.522782	0.772563	1759.205811
7485.294295	1.518684	0.772563	3200.437012
7485.295230	1.478324	0.772563	4582.669922
7485.296152	1.438876	0.772563	5909.313477
7485.297017	1.095403	0.772563	6856.836914
7485.298016	0.127793	0.772563	6984.501953
7485.298939	0.094786	0.772563	7071.989746
7485.299815	0.094922	0.772563	7155.141113
7485.300702	0.094878	0.772563	7239.297852
7485.301651	0.094948	0.772563	7329.402832
7485.302594	0.094893	0.772563	7418.886719
7485.303483	0.094940	0.772563	7503.288574
7485.304398	0.094882	0.772563	7590.105469
7485.305353	0.094896	0.772563	7680.731445
7485.306278	0.094882	0.772563	7768.497070
7486.318056	1.092975	0.584936	497.303528
7486.318982	1.528905	0.584936	1913.069580
7486.319862	1.518578	0.584936	3249.418213
7486.320829	1.476932	0.584936	4677.611816
7486.321750	1.436133	0.584936	6000.290039
7486.322686	0.962069	0.584936	6900.786621
7486.323556	0.117645	0.584936	7003.138184
7486.324505	0.094860	0.584936	7093.160156
7486.325435	0.094893	0.584936	7181.410156
7486.326351	0.094958	0.584936	7268.392090
7486.327214	0.094944	0.584936	7350.328613
7486.328176	0.094918	0.584936	7441.640137
7486.329123	0.094958	0.584936	7531.565918
7486.330005	0.094922	0.584936	7615.287109
7486.330931	0.094962	0.584936	7703.222168
7486.331863	0.094871	0.584936	7791.641602
7487.317955	1.043196	0.781220	450.660614
7487.318834	1.523979	0.781220	1790.238525
7487.319694	1.519907	0.781220	3097.358643
7487.320768	1.475900	0.781220	4682.475098
7487.321647	1.437056	0.781220	5945.646973
7487.322529	1.083842	0.781220	6901.595215
7487.323514	0.131451	0.781220	7031.074707
7487.324436	0.094893	0.781220	7118.565430
7487.325360	0.094969	0.781220	7206.317383
7487.326228	0.094955	0.781220	7288.738281
7487.327260	0.094904	0.781220	7386.678711
7487.328145	0.094948	0.781220	7470.707031
7487.329018	0.094973	0.781220	7553.618652
7487.329953	0.094984	0.781220	7642.428711
7487.330951	0.094940	0.781220	7737.179199
7487.331870	0.094962	0.781220	7824.449219
7488.346122	1.082443	0.585677	548.798401
7488.347164	1.533560	0.585677	2146.767578
7488.348061	1.511470	0.585677	3502.555908
7488.348925	1.472629	0.585677	4774.907715
7488.349985	1.427919	0.585677	6288.501465
7488.350934	0.656986	0.585677	6911.981445
7488.351811	0.099221	0.585677	6998.998535
7488.352753	0.094911	0.585677	7088.404785
7488.353809	0.094900	0.585677	7188.619141
7488.354687	0.094951	0.585677	7271.986328
7488.355556	0.094948	0.585677	7354.495605
7488.356576	0.094948	0.585677	7451.342285
7488.357535	0.094948	0.585677	7542.396973
7488.358408	0.094915	0.585677	7625.257324
7488.359316	0.095006	0.585677	7711.522949
7488.360394	0.094900	0.585677	7813.825195
7489.342999	1.108367	0.766005	554.183350
7489.343984	1.532523	0.766005	2063.718750
7489.344883	1.513114	0.766005	3424.008301
7489.345901	1.469011	0.766005	4919.461914
7489.346959	1.424224	0.766005	6426.290527
7489.347850	0.586809	0.766005	6949.137695
7489.348727	0.098441	0.766005	7035.470703
7489.349833	0.095021	0.766005	7140.563477
7489.350776	0.094969	0.766005	7230.119629
7489.351638	0.094922	0.766005	7311.942383
7489.352663	0.094980	0.766005	7409.297363
7489.353694	0.094937	0.766005	7507.176758
7489.354569	0.095006	0.766005	7590.307129
7489.355474	0.095006	0.766005	7676.287598
7489.356538	0.094896	0.766005	7777.257324
7489.357491	0.094937	0.766005	7867.731934
7490.376202	1.100962	0.565926	552.682861
7490.377203	1.533376	0.565926	2087.592773
7490.378102	1.513206	0.565926	3447.964600
7490.379103	1.469550	0.565926	4918.983398
7490.380158	1.424722	0.565926	6422.064941
7490.381054	0.589720	0.565926	6950.454590
7490.381937	0.098445	0.565926	7037.381348
7490.383022	0.095054	0.565926	7140.514648
7490.383980	0.094991	0.565926	7231.516602
7490.384845	0.095002	0.565926	7313.693848
7490.385870	0.094991	0.565926	7411.060059
7490.386901	0.094984	0.565926	7508.988770
7490.387778	0.094937	0.565926	7592.248047
7490.388696	0.094999	0.565926	7679.457031
7490.389773	0.094969	0.565926	7781.739258
7490.390701	0.094929	0.565926	7869.833496
7491.365842	1.057496	0.814276	461.068390
7491.366722	1.524767	0.814276	1802.863159
7491.367659	1.518153	0.814276	3225.372559
7491.368622	1.477105	0.814276	4647.824219
7491.369552	1.436898	0.814276	5984.139648
7491.370421	1.061012	0.814276	6906.159180
7491.371350	0.123190	0.814276	7020.602539
7491.372287	0.094746	0.814276	7109.379395
7491.373214	0.094918	0.814276	7197.368652
7491.374076	0.094900	0.814276	7279.172363
7491.375042	0.094874	0.814276	7370.820801
7491.375980	0.094896	0.814276	7459.833496
7491.376869	0.094922	0.814276	7544.219238
7491.377776	0.094933	0.814276	7630.323242
7491.378728	0.094878	0.814276	7720.646973
7491.379646	0.094904	0.814276	7807.768555
7492.404722	1.095901	0.558941	508.498016
7492.405651	1.529359	0.558941	1929.272705
7492.406526	1.517963	0.558941	3257.490234
7492.407448	1.476757	0.558941	4619.059570
7492.408409	1.436250	0.558941	5999.295898
7492.409330	0.985942	0.558941	6907.348633
7492.410201	0.119879	0.558941	7011.763184
7492.411176	0.094885	0.558941	7104.276367
7492.412123	0.094962	0.558941	7194.205566
7492.413008	0.095054	0.558941	7278.328125
7492.413890	0.094962	0.558941	7362.084961
7492.414839	0.094933	0.558941	7452.176270
7492.415789	0.094951	0.558941	7542.379883
7492.416657	0.094977	0.558941	7624.819824
7492.417566	0.094955	0.558941	7711.133789
7492.418516	0.094918	0.558941	7801.306152
7493.391298	1.032652	0.805035	440.942627
7493.392166	1.522602	0.805035	1762.561523
7493.393199	1.515817	0.805035	3328.400146
7493.394100	1.476171	0.805035	4658.429687
7493.395009	1.437195	0.805035	5964.839844
7493.395896	1.057181	0.805035	6902.559570
7493.396855	0.115800	0.805035	7013.611328
7493.397800	0.094878	0.805035	7103.270996
7493.398688	0.094991	0.805035	7187.623535
7493.399678	0.094882	0.805035	7281.556152
7493.400592	0.094911	0.805035	7368.304687
7493.401499	0.094845	0.805035	7454.329102
7493.402368	0.094900	0.805035	7536.796875
7493.403323	0.094882	0.805035	7627.408691
7493.404246	0.094885	0.805035	7714.987793
7493.405163	0.094885	0.805035	7801.997559
7494.431676	1.030030	0.548741	437.762970
7494.432655	1.523734	0.548741	1929.498657
7494.433614	1.514820	0.548741	3382.211426
7494.434528	1.474438	0.548741	4729.848145
7494.435408	1.436276	0.548741	5993.770508
7494.436429	0.853462	0.548741	6865.155273
7494.437329	0.104854	0.548741	6959.523437
7494.438199	0.094874	0.548741	7042.063965
7494.439086	0.095021	0.548741	7126.347168
7494.440107	0.094874	0.548741	7223.213867
7494.441038	0.094915	0.548741	7311.579102
7494.441913	0.094911	0.548741	7394.625977
7494.442910	0.094948	0.548741	7489.288574
7494.443821	0.094918	0.548741	7575.759277
7494.444738	0.094955	0.548741	7662.833008
7494.445594	0.094926	0.548741	7744.089355
7495.419874	1.073888	0.790114	496.136230
7495.420753	1.526290	0.790114	1837.745361
7495.421718	1.516754	0.790114	3301.413086
7495.422773	1.470828	0.790114	4853.136230
7495.423694	1.430951	0.790114	6171.041992
7495.424569	0.863401	0.790114	6926.517578
7495.425645	0.100320	0.790114	7034.461914
7495.426630	0.094874	0.790114	7127.913086
7495.427508	0.094969	0.790114	7211.296387
7495.428501	0.094951	0.790114	7305.583008
7495.429556	0.095017	0.790114	7405.826172
7495.430453	0.094849	0.790114	7490.905273
7495.431309	0.094918	0.790114	7572.155273
7495.432385	0.094911	0.790114	7674.279297
7495.433378	0.094918	0.790114	7768.533203
7495.434258	0.094918	0.790114	7852.061035
7496.453583	1.047576	0.570055	461.980896
7496.454444	1.524305	0.570055	1774.407959
7496.455510	1.513597	0.570055	3387.902832
7496.456518	1.469374	0.570055	4869.031738
7496.457407	1.431489	0.570055	6141.625488
7496.458397	0.737388	0.570055	6871.639160
7496.459446	0.097471	0.570055	6973.885742
7496.460352	0.094838	0.570055	7059.808594
7496.461211	0.094893	0.570055	7141.321289
7496.462312	0.094933	0.570055	7245.842285
7496.463263	0.094816	0.570055	7336.012207
7496.464146	0.094918	0.570055	7419.825195
7496.465142	0.095043	0.570055	7514.487793
7496.466199	0.094893	0.570055	7614.789062
7496.467094	0.094904	0.570055	7699.727539
7496.467956	0.094893	0.570055	7781.524902
7497.452993	1.033403	0.680512	442.296600
7497.453953	1.527052	0.680512	1908.266602
7497.454899	1.514985	0.680512	3341.442871
7497.455822	1.474999	0.680512	4702.866699
7497.456691	1.436810	0.680512	5951.455078
7497.457685	0.926188	0.680512	6872.085449
7497.458637	0.109417	0.680512	6976.250000
7497.459522	0.094838	0.680512	7060.181152
7497.460430	0.094933	0.680512	7146.380371
7497.461352	0.094922	0.680512	7233.898437
7497.462273	0.094900	0.680512	7321.301270
7497.463138	0.094849	0.680512	7403.345215
7497.464099	0.094944	0.680512	7494.586426
7497.465039	0.094885	0.680512	7583.778320
7497.465926	0.094922	0.680512	7667.974121
7497.466833	0.094977	0.680512	7754.118164
7498.470867	1.044694	0.613666	457.575806
7498.471744	1.524716	0.613666	1794.751343
7498.472700	1.518984	0.613666	3246.900391
7498.473608	1.479060	0.613666	4589.886719
7498.474530	1.439150	0.613666	5916.783203
7498.475397	1.129149	0.613666	6895.755371
7498.476353	0.127511	0.613666	7017.655762
7498.477302	0.094794	0.613666	7107.614746
7498.478227	0.094885	0.613666	7195.383789
7498.479101	0.094874	0.613666	7278.303711
7498.480064	0.094907	0.613666	7369.699219
7498.481014	0.094926	0.613666	7459.878418
7498.481908	0.094896	0.613666	7544.715820
7498.482784	0.094885	0.613666	7627.835449
7498.483731	0.094918	0.613666	7717.723145
7498.484677	0.094882	0.613666	7807.480957
7499.490772	1.057562	0.593903	467.442505
7499.491640	1.524778	0.593903	1790.949707
7499.492685	1.515062	0.593903	3374.189941
7499.493572	1.475647	0.593903	4683.088867
7499.494447	1.437825	0.593903	5941.185547
7499.495385	0.965779	0.593903	6847.085937
7499.496357	0.109314	0.593903	6953.338867
7499.497274	0.094871	0.593903	7040.335449
7499.498150	0.095010	0.593903	7123.563965
7499.499170	0.094995	0.593903	7220.458984
7499.500079	0.094889	0.593903	7306.712891
7499.500996	0.094915	0.593903	7393.749512
7499.501860	0.094962	0.593903	7475.796875
7499.502890	0.094852	0.593903	7573.494629
7499.503781	0.094907	0.593903	7658.057129
7499.504649	0.094977	0.593903	7740.497070
7500.483522	1.037384	0.668717	445.037750
7500.484489	1.523445	0.668717	1918.208984
7500.485540	1.510591	0.668717	3505.840088
7500.486478	1.469473	0.668717	4884.205566
7500.487346	1.431500	0.668717	6126.748047
7500.488433	0.647241	0.668717	6830.299316
7500.489428	0.096489	0.668717	6926.306152
7500.490303	0.094973	0.668717	7009.407715
7500.491291	0.094973	0.668717	7103.241211
7500.492342	0.094922	0.668717	7203.003906
7500.493241	0.094918	0.668717	7288.335449
7500.494097	0.094973	0.668717	7369.632324
7500.495155	0.094900	0.668717	7470.036621
7500.496139	0.094940	0.668717	7563.458008
7500.497029	0.094838	0.668717	7647.863281
7500.498000	0.094948	0.668717	7740.057129
7501.531183	1.121096	0.542618	606.513000
7501.532251	1.533270	0.542618	2244.045654
7501.533155	1.508251	0.542618	3607.504395
7501.534030	1.467865	0.542618	4891.886230
7501.535131	1.422125	0.542618	6457.645996
7501.536108	0.424113	0.542618	6872.003906
7501.536986	0.095999	0.542618	6956.290527
7501.537984	0.095050	0.542618	7051.150391
7501.539036	0.095010	0.542618	7151.100586
7501.539920	0.094962	0.542618	7235.047363
7501.540792	0.094980	0.542618	7317.870117
7501.541879	0.095013	0.542618	7421.149902
7501.542848	0.094955	0.542618	7513.161133
7501.543710	0.094984	0.542618	7595.037598
7501.544734	0.095017	0.542618	7692.334961
7502.502854	1.037952	0.699630	446.319244
7502.503727	1.523562	0.699630	1776.388916
7502.504768	1.514359	0.699630	3352.836914
7502.505803	1.469634	0.699630	4873.908203
7502.506695	1.431248	0.699630	6150.581055
7502.507652	0.791382	0.699630	6907.933594
7502.508693	0.098353	0.699630	7010.319336
7502.509625	0.094926	0.699630	7098.790039
7502.510489	0.094977	0.699630	7180.850098
7502.511544	0.094926	0.699630	7280.996582
7502.512540	0.094933	0.699630	7375.549805
7502.513425	0.094929	0.699630	7459.562012
7502.514396	0.094999	0.699630	7551.805664
7502.515431	0.094874	0.699630	7650.000488
7502.516341	0.094962	0.699630	7736.416016
7502.517200	0.094984	0.699630	7818.007324
7503.562712	1.054493	0.505977	470.304077
7503.563578	1.525470	0.505977	1791.360962
7503.564635	1.514392	0.505977	3392.073486
7503.565644	1.470216	0.505977	4875.521484
7503.566531	1.431910	0.505977	6145.625977
7503.567496	0.787874	0.505977	6905.923828
7503.568555	0.098196	0.505977	7009.913086
7503.569481	0.094874	0.505977	7097.766602
7503.570336	0.094918	0.505977	7178.921875
7503.571369	0.095002	0.505977	7277.059570
7503.572378	0.094889	0.505977	7372.802734
7503.573265	0.094988	0.505977	7457.057129
7503.574227	0.095010	0.505977	7548.456543
7503.575285	0.094922	0.505977	7648.883789
7503.576192	0.094980	0.505977	7735.031250
7503.577072	0.094929	0.505977	7818.568848
7504.531908	1.040526	0.680516	449.507233
7504.532776	1.523298	0.680516	1771.730225
7504.533731	1.518592	0.680516	3221.986084
7504.534692	1.477126	0.680516	4641.504883
7504.535584	1.438158	0.680516	5924.341797
7504.536491	1.058214	0.680516	6884.142090
7504.537429	0.122153	0.680516	6998.721680
7504.538379	0.094838	0.680516	7088.817383
7504.539267	0.094937	0.680516	7173.121094
7504.540194	0.094962	0.680516	7261.150879
7504.541152	0.094885	0.680516	7352.050781
7504.542076	0.094915	0.680516	7439.751953
7504.542939	0.094904	0.680516	7521.653809
7504.543853	0.094918	0.680516	7608.409180
7504.544810	0.094937	0.680516	7699.263672
7504.545739	0.094904	0.680516	7787.429199
7505.584167	1.117808	0.496478	594.673645
7505.585228	1.533256	0.496478	2221.457764
7505.586133	1.508826	0.496478	3586.944824
7505.587005	1.468440	0.496478	4867.424316
7505.588118	1.422191	0.496478	6450.323242
7505.589094	0.442412	0.496478	6882.117676
7505.589959	0.096204	0.496478	6965.333984
7505.590982	0.095054	0.496478	7062.573730
7505.592030	0.094958	0.496478	7162.090332
7505.592925	0.094926	0.496478	7247.048828
7505.593838	0.094937	0.496478	7333.726074
7505.594915	0.094918	0.496478	7435.953125
7505.595857	0.094926	0.496478	7525.373047
7505.596728	0.094940	0.496478	7608.065918
7505.597652	0.094980	0.496478	7695.827637
7506.567197	1.083662	0.636128	564.587891
7506.568263	1.532036	0.636128	2197.738281
7506.569192	1.507983	0.636128	3598.654785
7506.570056	1.468876	0.636128	4867.763672
7506.571144	1.423821	0.636128	6416.880859
7506.572151	0.439907	0.636128	6859.867187
7506.573020	0.095914	0.636128	6943.216797
7506.573986	0.094944	0.636128	7034.932617
7506.575047	0.094922	0.636128	7135.644531
7506.575957	0.094944	0.636128	7222.043457
7506.576822	0.094900	0.636128	7304.131836
7506.577901	0.094922	0.636128	7406.552734
7506.578893	0.094801	0.636128	7500.595215
7506.579790	0.094885	0.636128	7585.707520
7506.580774	0.094991	0.636128	7679.179199
7506.581842	0.094882	0.636128	7780.512695
7507.599311	1.045195	0.534972	452.569580
7507.600173	1.523851	0.534972	1766.129395
7507.601283	1.512861	0.534972	3445.405518
7507.602253	1.470304	0.534972	4871.600586
7507.603118	1.432782	0.534972	6110.957031
7507.604136	0.727364	0.534972	6851.414062
7507.605182	0.097291	0.534972	6953.180664
7507.606069	0.094922	0.534972	7037.376465
7507.606995	0.095057	0.534972	7125.399414
7507.608060	0.094980	0.534972	7226.553711
7507.609003	0.094907	0.534972	7316.051270
7507.609870	0.094944	0.534972	7398.367676
7507.610920	0.095028	0.534972	7498.146973
7507.611939	0.094940	0.534972	7594.891113
7507.612834	0.094977	0.534972	7679.895508
7507.613793	0.095043	0.534972	7771.041504
7508.601793	1.033154	0.554925	441.156860
7508.602663	1.523796	0.554925	1766.859741
7508.603629	1.518937	0.554925	3234.152588
7508.604564	1.477716	0.554925	4615.817383
7508.605460	1.439136	0.554925	5905.283203
7508.606400	1.010427	0.554925	6855.084961
7508.607367	0.117847	0.554925	6969.042480
7508.608282	0.094849	0.554925	7055.829102
7508.609140	0.094958	0.554925	7137.303711
7508.610107	0.094926	0.554925	7229.096680
7508.611039	0.094933	0.554925	7317.574219
7508.611933	0.094977	0.554925	7402.483398
7508.612822	0.094911	0.554925	7486.859375
7508.613755	0.094929	0.554925	7575.428223
7508.614702	0.094900	0.554925	7665.298340
7508.615592	0.094915	0.554925	7749.772461
7509.615576	1.045045	0.569874	475.495605
7509.616527	1.529714	0.569874	1930.253906
7509.617451	1.515663	0.569874	3330.726562
7509.618334	1.477266	0.569874	4635.152344
7509.619263	1.436931	0.569874	5970.061523
7509.620228	0.946718	0.569874	6883.644043
7509.621146	0.112991	0.569874	6987.369629
7509.622005	0.094856	0.569874	7068.851074
7509.622962	0.094999	0.569874	7159.765137
7509.623917	0.094907	0.569874	7250.401367
7509.624802	0.094922	0.569874	7334.407227
7509.625664	0.094915	0.569874	7416.223633
7509.626627	0.094889	0.569874	7507.601562
7509.627565	0.094812	0.569874	7596.535156
7509.628455	0.094937	0.569874	7681.028809
7509.629368	0.094871	0.569874	7767.645508
7510.635961	1.028804	0.511262	432.097565
7510.636947	1.524587	0.511262	1935.340698
7510.638006	1.510243	0.511262	3534.687988
7510.638917	1.469751	0.511262	4873.630859
7510.639787	1.431002	0.511262	6118.602539
7510.640876	0.632922	0.511262	6807.854980
7510.641863	0.096284	0.511262	6902.887695
7510.642757	0.094797	0.511262	6987.636719
7510.643735	0.094926	0.511262	7080.474121
7510.644776	0.094918	0.511262	7179.284180
7510.645658	0.094944	0.511262	7263.024414
7510.646522	0.094948	0.511262	7345.059082
7510.647605	0.094929	0.511262	7447.867187
7510.648568	0.094922	0.511262	7539.276855
7510.649428	0.094977	0.511262	7620.957031
7510.650501	0.095076	0.511262	7722.973145
7511.634927	1.082919	0.610572	510.054687
7511.635801	1.526986	0.610572	1844.640503
7511.636773	1.515927	0.610572	3318.121094
7511.637836	1.469414	0.610572	4880.108398
7511.638760	1.429929	0.610572	6201.362793
7511.639636	0.814973	0.610572	6915.279297
7511.640718	0.098533	0.610572	7021.891602
7511.641713	0.094907	0.610572	7116.324219
7511.642610	0.094918	0.610572	7201.465820
7511.643595	0.094977	0.610572	7295.018066
7511.644662	0.094966	0.610572	7396.346680
7511.645554	0.094977	0.610572	7481.065918
7511.646415	0.094962	0.610572	7562.828125
7511.647514	0.094904	0.610572	7667.126953
7511.648488	0.094874	0.610572	7759.534668
7511.649350	0.094948	0.610572	7841.379395
7512.668147	1.090063	0.514384	521.050354
7512.669024	1.528140	0.514384	1861.228760
7512.669898	1.519841	0.514384	3189.570068
7512.670868	1.478134	0.514384	4623.359375
7512.671820	1.436327	0.514384	5990.742676
7512.672741	0.994394	0.514384	6906.580078
7512.673618	0.119747	0.514384	7011.598633
7512.674661	0.094838	0.514384	7110.514160
7512.675550	0.094948	0.514384	7194.922363
7512.676424	0.094969	0.514384	7277.925781
7512.677338	0.095028	0.514384	7364.781250
7512.678339	0.094896	0.514384	7459.772461
7512.679257	0.094874	0.514384	7546.867187
7512.680138	0.094995	0.514384	7630.558105
7512.681127	0.094889	0.514384	7724.403320
7512.682034	0.094904	0.514384	7810.480957
7513.658821	1.038446	0.644849	449.647095
7513.659695	1.523789	0.644849	1781.438721
7513.660636	1.518743	0.644849	3210.575684
7513.661609	1.476771	0.644849	4647.474121
7513.662522	1.437374	0.644849	5959.796875
7513.663410	1.066143	0.644849	6906.531250
7513.664475	0.110790	0.644849	7024.522461
7513.665362	0.094808	0.644849	7108.617676
7513.666273	0.094991	0.644849	7195.154785
7513.667135	0.094966	0.644849	7277.015137
7513.668168	0.094922	0.644849	7375.069336
7513.669051	0.094896	0.644849	7458.862793
7513.669915	0.094893	0.644849	7540.850098
7513.670898	0.094904	0.644849	7634.140137
7513.671825	0.094885	0.644849	7722.098633
7513.672735	0.094926	0.644849	7808.480957
7514.698191	1.041317	0.495958	460.262146
7514.699057	1.524624	0.495958	1780.586670
7514.700093	1.515762	0.495958	3350.915771
7514.701139	1.470443	0.495958	4888.999023
7514.702014	1.431852	0.495958	6141.869141
7514.702943	0.823272	0.495958	6906.688477
7514.704003	0.098826	0.495958	7011.443848
7514.704942	0.094874	0.495958	7100.530762
7514.705809	0.094889	0.495958	7182.799316
7514.706828	0.094893	0.495958	7279.494629
7514.707858	0.094918	0.495958	7377.260254
7514.708749	0.094911	0.495958	7461.825684
7514.709677	0.094904	0.495958	7549.895996
7514.710747	0.094955	0.495958	7651.497559
7514.711679	0.094948	0.495958	7739.988770
7514.712543	0.094937	0.495958	7822.014160
7515.684803	1.034227	0.667983	443.683502
7515.685679	1.523818	0.667983	1778.548340
7515.686547	1.521705	0.667983	3099.388672
7515.687594	1.477207	0.667983	4646.024414
7515.688520	1.436583	0.667983	5976.300781
7515.689408	1.047070	0.667983	6906.099121
7515.690301	0.130466	0.667983	7022.605469
7515.691318	0.094742	0.667983	7118.958496
7515.692229	0.094907	0.667983	7205.418945
7515.693103	0.094933	0.667983	7288.390137
7515.694109	0.094929	0.667983	7383.888672
7515.695015	0.094922	0.667983	7469.887695
7515.695927	0.094977	0.667983	7556.506348
7515.696793	0.094958	0.667983	7638.740234
7515.697796	0.094951	0.667983	7733.976074
7515.698693	0.094896	0.667983	7819.098145
7516.723725	1.080062	0.489638	548.671631
7516.724687	1.532706	0.489638	2023.135010
7516.725604	1.514055	0.489638	3411.523437
7516.726488	1.474717	0.489638	4715.172852
7516.727542	1.430489	0.489638	6222.908691
7516.728448	0.783190	0.489638	6932.478516
7516.729325	0.103187	0.489638	7022.973633
7516.730232	0.094889	0.489638	7109.038086
7516.731254	0.094863	0.489638	7205.988281
7516.732141	0.094889	0.489638	7290.154785
7516.733005	0.094867	0.489638	7372.119629
7516.734000	0.094962	0.489638	7466.606934
7516.734915	0.094878	0.489638	7553.420410
7516.735832	0.094878	0.489638	7640.423340
7516.736696	0.094962	0.489638	7722.470703
7516.737736	0.094922	0.489638	7821.189453
7517.713464	1.150250	0.653788	631.487366
7517.714459	1.533636	0.653788	2157.455566
7517.715357	1.510950	0.653788	3514.288574
7517.716227	1.470897	0.653788	4793.969238
7517.717327	1.426000	0.653788	6362.568848
7517.718231	0.647087	0.653788	6947.535645
7517.719098	0.099456	0.653788	7033.763672
7517.720106	0.094911	0.653788	7129.434082
7517.721101	0.094874	0.653788	7223.833984
7517.721973	0.094834	0.653788	7306.529297
7517.722831	0.094944	0.653788	7387.991211
7517.723899	0.094937	0.653788	7489.383301
7517.724811	0.094867	0.653788	7575.901855
7517.725691	0.094929	0.653788	7659.439453
7517.726654	0.094911	0.653788	7750.838867
7517.727662	0.094958	0.653788	7846.557129
7518.747223	1.163441	0.491978	668.978699
7518.748127	1.532699	0.491978	2054.538574
7518.749050	1.513264	0.491978	3451.281250
7518.749914	1.473212	0.491978	4724.136230
7518.750936	1.430372	0.491978	6185.976562
7518.751844	0.805298	0.491978	6917.187012
7518.752761	0.102466	0.491978	7011.147949
7518.753623	0.094852	0.491978	7092.910645
7518.754619	0.094922	0.491978	7187.452637
7518.755534	0.094918	0.491978	7274.302734
7518.756400	0.094874	0.491978	7356.463867
7518.757424	0.094988	0.491978	7453.731445
7518.758305	0.094929	0.491978	7537.364258
7518.759221	0.094904	0.491978	7624.295898
7518.760087	0.094958	0.491978	7706.529785
7518.761015	0.094882	0.491978	7794.580078
7519.741937	1.049821	0.614919	493.415649
7519.742811	1.526744	0.614919	1827.790283
7519.743687	1.520013	0.614919	3159.322021
7519.744629	1.478075	0.614919	4551.668457
7519.745590	1.436799	0.614919	5932.432617
7519.746531	1.003191	0.614919	6876.435059
7519.747393	0.123373	0.614919	6982.782227
7519.748357	0.094915	0.614919	7074.279785
7519.749302	0.094929	0.614919	7163.987793
7519.750190	0.094955	0.614919	7248.307617
7519.751101	0.094962	0.614919	7334.818359
7519.752047	0.094922	0.614919	7424.614258
7519.752967	0.094907	0.614919	7511.928711
7519.753835	0.094977	0.614919	7594.368652
7519.754748	0.094900	0.614919	7681.012207
7519.755706	0.094944	0.614919	7771.968262
7520.771004	1.031319	0.507967	435.216827
7520.771995	1.527334	0.507967	1948.804810
7520.772901	1.516066	0.507967	3322.360352
7520.773824	1.475673	0.507967	4684.406250
7520.774708	1.437539	0.507967	5955.190918
7520.775658	0.979988	0.507967	6886.179199
7520.776597	0.110720	0.507967	6990.145508
7520.777523	0.094764	0.507967	7077.897461
7520.778383	0.094889	0.507967	7159.501953
7520.779473	0.094958	0.507967	7263.006836
7520.780507	0.094834	0.507967	7361.064941
7520.781394	0.094966	0.507967	7445.299805
7520.782309	0.094937	0.507967	7532.166504
7520.783378	0.095032	0.507967	7633.755371
7520.784320	0.094929	0.507967	7723.178711
7520.785180	0.094940	0.507967	7804.827148
7521.770953	1.038717	0.568416	445.609619
7521.771887	1.524525	0.568416	1869.516113
7521.772854	1.516476	0.568416	3335.948242
7521.773759	1.475834	0.568416	4671.577637
7521.774638	1.438022	0.568416	5935.599609
7521.775678	0.854564	0.568416	6824.346191
7521.776747	0.100038	0.568416	6931.286621
7521.777665	0.094860	0.568416	7018.367676
7521.778526	0.094896	0.568416	7100.073242
7521.779576	0.095032	0.568416	7199.856445
7521.780579	0.094958	0.568416	7295.099609
7521.781469	0.094896	0.568416	7379.557129
7521.782422	0.094969	0.568416	7470.062988
7521.783474	0.094882	0.568416	7569.878418
7521.784385	0.094977	0.568416	7656.402344
7521.785246	0.094922	0.568416	7738.129883
7522.796050	1.081864	0.488663	554.996216
7522.797073	1.533208	0.488663	2123.468018
7522.797956	1.512459	0.488663	3458.968750
7522.798817	1.473856	0.488663	4727.958984
7522.799890	1.428644	0.488663	6260.893555
7522.800833	0.686913	0.488663	6908.652344
7522.801700	0.099877	0.488663	6995.245605
7522.802623	0.094834	0.488663	7082.777344
7522.803668	0.094926	0.488663	7181.974609
7522.804558	0.094882	0.488663	7266.419434
7522.805424	0.095024	0.488663	7348.710449
7522.806464	0.095006	0.488663	7447.516602
7522.807415	0.094973	0.488663	7537.835937
7522.808293	0.094958	0.488663	7621.209473
7522.809195	0.095035	0.488663	7706.931641
7522.810267	0.094911	0.488663	7808.676270
7523.796983	1.092539	0.585895	514.585876
7523.797875	1.527737	0.585895	1877.327148
7523.798752	1.519186	0.585895	3209.653076
7523.799745	1.477082	0.585895	4676.395996
7523.800704	1.434976	0.585895	6052.537598
7523.801595	0.979915	0.585895	6925.641602
7523.802518	0.119905	0.585895	7036.313477
7523.803565	0.094860	0.585895	7135.631348
7523.804459	0.094937	0.585895	7220.504395
7523.805331	0.094940	0.585895	7303.291992
7523.806257	0.094999	0.585895	7391.260742
7523.807236	0.094900	0.585895	7484.167969
7523.808141	0.094926	0.585895	7570.075684
7523.809038	0.094918	0.585895	7655.217285
7523.810042	0.094933	0.585895	7750.529785
7523.810938	0.094852	0.585895	7835.517578
7524.822454	1.035315	0.489364	435.867584
7524.823486	1.530590	0.489364	2015.436035
7524.824390	1.514660	0.489364	3384.688232
7524.825268	1.475984	0.489364	4680.602051
7524.826214	1.435499	0.489364	6038.584473
7524.827205	0.862225	0.489364	6893.049805
7524.828111	0.105227	0.489364	6988.385742
7524.828986	0.094830	0.489364	7071.362305
7524.830035	0.094893	0.489364	7170.904785
7524.830932	0.094922	0.489364	7256.049805
7524.831847	0.094874	0.489364	7342.859863
7524.832711	0.094860	0.489364	7424.818359
7524.833712	0.094871	0.489364	7519.783691
7524.834611	0.094871	0.489364	7605.072266
7524.835495	0.094973	0.489364	7689.028320
7524.836462	0.094838	0.489364	7780.736328
7525.822907	1.037571	0.568960	435.779755
7525.823887	1.528847	0.568960	1934.049316
7525.824816	1.515758	0.568960	3342.188477
7525.825703	1.476716	0.568960	4652.036133
7525.826649	1.437246	0.568960	6011.670898
7525.827580	0.954470	0.568960	6900.282715
7525.828496	0.112280	0.568960	7003.131348
7525.829392	0.094772	0.568960	7088.046875
7525.830307	0.094863	0.568960	7174.846680
7525.831259	0.094900	0.568960	7265.191406
7525.832181	0.094904	0.568960	7352.692383
7525.833056	0.094911	0.568960	7435.739258
7525.834031	0.094896	0.568960	7528.263184
7525.834960	0.094860	0.568960	7616.387695
7525.835822	0.094904	0.568960	7698.194336
7525.836875	0.094922	0.568960	7798.146973
7526.849464	1.038157	0.474222	434.987671
7526.850429	1.529096	0.474222	1910.564819
7526.851350	1.516831	0.474222	3307.566162
7526.852238	1.477811	0.474222	4619.862305
7526.853166	1.438821	0.474222	5955.087891
7526.854096	1.001151	0.474222	6886.158691
7526.855026	0.117169	0.474222	6995.125977
7526.855889	0.094838	0.474222	7076.970703
7526.856924	0.094929	0.474222	7175.222656
7526.857808	0.094929	0.474222	7259.140137
7526.858733	0.094896	0.474222	7346.918945
7526.859592	0.094867	0.474222	7428.409668
7526.860564	0.094896	0.474222	7520.648926
7526.861482	0.094926	0.474222	7607.790527
7526.862367	0.094958	0.474222	7691.828613
7526.863283	0.094955	0.474222	7778.807129
7527.848422	1.097161	0.554272	507.985413
7527.849348	1.529194	0.554272	1924.019287
7527.850224	1.518179	0.554272	3253.943848
7527.851134	1.478346	0.554272	4599.238770
7527.852101	1.437081	0.554272	5988.896484
7527.853038	0.989246	0.554272	6915.819336
7527.853900	0.121985	0.554272	7020.970215
7527.854870	0.094940	0.554272	7113.062012
7527.855809	0.094962	0.554272	7202.231445
7527.856700	0.094937	0.554272	7286.819824
7527.857558	0.095010	0.554272	7368.338379
7527.858506	0.094948	0.554272	7458.348633
7527.859445	0.094911	0.554272	7547.469727
7527.860332	0.094991	0.554272	7631.727051
7527.861230	0.094937	0.554272	7716.979980
7527.862179	0.094969	0.554272	7807.105957
7528.878011	1.032719	0.441673	438.905365
7528.879026	1.527568	0.441673	1989.387207
7528.880009	1.511448	0.441673	3475.140381
7528.880933	1.471410	0.441673	4834.723145
7528.881798	1.432657	0.441673	6073.971680
7528.882893	0.685781	0.441673	6824.902344
7528.883781	0.099247	0.441673	6913.033691
7528.884653	0.094871	0.441673	6995.760742
7528.885651	0.095013	0.441673	7090.583984
7528.886634	0.094933	0.441673	7183.902832
7528.887518	0.094958	0.441673	7267.846191
7528.888382	0.094969	0.441673	7349.899902
7528.889467	0.094958	0.441673	7452.929687
7528.890396	0.094940	0.441673	7541.128906
7528.891270	0.094918	0.441673	7624.087402
7528.892249	0.094926	0.441673	7717.019531
7529.871861	1.058437	0.582120	511.225311
7529.872906	1.532289	0.582120	2112.467041
7529.873801	1.512155	0.582120	3465.845215
7529.874685	1.473003	0.582120	4767.979980
7529.875605	1.433203	0.582120	6086.526855
7529.876620	0.758397	0.582120	6856.299805
7529.877511	0.101949	0.582120	6947.136719
7529.878367	0.094841	0.582120	7028.320801
7529.879430	0.094911	0.582120	7129.210937
7529.880342	0.094911	0.582120	7215.769531
7529.881260	0.094871	0.582120	7302.860840
7529.882120	0.094849	0.582120	7384.430664
7529.883145	0.094893	0.582120	7481.695312
7529.884030	0.094889	0.582120	7565.671875
7529.884902	0.094926	0.582120	7648.446777
7529.885859	0.094944	0.582120	7739.308105
7530.906044	1.037574	0.440259	440.969116
7530.907018	1.528597	0.440259	1929.822998
7530.907947	1.516329	0.440259	3338.493164
7530.908827	1.477419	0.440259	4638.622070
7530.909736	1.438967	0.440259	5946.643555
7530.910689	0.980303	0.440259	6880.872070
7530.911630	0.114869	0.440259	6988.964355
7530.912501	0.094871	0.440259	7071.596680
7530.913408	0.094926	0.440259	7157.694336
7530.914361	0.094860	0.440259	7248.095703
7530.915290	0.094889	0.440259	7336.247559
7530.916165	0.095013	0.440259	7419.384277
7530.917129	0.094940	0.440259	7510.906738
7530.918078	0.094948	0.440259	7601.011719
7530.918972	0.094929	0.440259	7685.878418
7530.919836	0.094845	0.440259	7767.824707
7531.896774	1.042603	0.581234	451.446899
7531.897652	1.524236	0.581234	1789.725952
7531.898526	1.521314	0.581234	3119.354004
7531.899489	1.480539	0.581234	4545.113281
7531.900445	1.439242	0.581234	5921.028320
7531.901382	1.040750	0.581234	6896.210449
7531.902239	0.130880	0.581234	7008.374512
7531.903176	0.094860	0.581234	7097.257812
7531.904118	0.094911	0.581234	7186.664062
7531.905042	0.094889	0.581234	7274.341309
7531.905901	0.094904	0.581234	7355.863281
7531.906859	0.094937	0.581234	7446.812500
7531.907802	0.094918	0.581234	7536.320312
7531.908693	0.094937	0.581234	7620.908691
7531.909610	0.094929	0.581234	7707.958984
7531.910570	0.094944	0.581234	7799.104980
7532.934113	1.061876	0.399798	492.710602
7532.935002	1.527971	0.399798	1851.076904
7532.935868	1.519739	0.399798	3167.170654
7532.936856	1.477958	0.399798	4627.393066
7532.937817	1.436825	0.399798	6008.181641
7532.938713	1.007190	0.399798	6910.624023
7532.939626	0.124167	0.399798	7023.988770
7532.940554	0.094786	0.399798	7111.950684
7532.941481	0.094885	0.399798	7199.909180
7532.942373	0.094944	0.399798	7284.599121
7532.943283	0.094867	0.399798	7370.928223
7532.944237	0.094933	0.399798	7461.494141
7532.945158	0.094896	0.399798	7548.893555
7532.946030	0.094926	0.399798	7631.668457
7532.946988	0.094944	0.399798	7722.624512
7532.947915	0.094896	0.399798	7810.593262
7533.922742	1.025936	0.575783	431.919159
7533.923659	1.523218	0.575783	1828.709839
7533.924632	1.516835	0.575783	3304.590088
7533.925566	1.476108	0.575783	4683.275391
7533.926436	1.437949	0.575783	5934.291016
7533.927395	0.985693	0.575783	6879.570801
7533.928322	0.115836	0.575783	6986.951172
7533.929226	0.094823	0.575783	7072.671387
7533.930103	0.094856	0.575783	7155.859863
7533.931067	0.094915	0.575783	7247.357422
7533.931988	0.094944	0.575783	7334.800781
7533.932860	0.094973	0.575783	7417.617187
7533.933830	0.094896	0.575783	7509.666504
7533.934760	0.094915	0.575783	7597.937012
7533.935676	0.094907	0.575783	7684.872070
7533.936534	0.094863	0.575783	7766.264648
