time (s)	theta (A)	maj axis/z0	min axis/z0	crossing#mod 255
5792.001024	51.755150	7.362797	-0.100000	165
5811.645579	102.186867	-4.718562	-0.100000	167
5821.786518	118.000305	0.009812	-0.001037	169
5825.852128	66.951706	0.009842	-0.004852	171
5827.887299	208.118942	0.749279	-0.076600	173
5829.922589	209.125702	0.749397	-0.075405	175
5831.952063	209.601089	0.754211	-0.073907	177
5833.975896	209.546448	0.770269	-0.071017	179
5835.999797	208.923737	0.784992	-0.068302	181
5838.016396	208.170898	0.797485	-0.065582	183
5840.033896	207.453644	0.804898	-0.063555	185
5842.054171	207.011353	0.813540	-0.062575	187
5844.080728	206.971176	0.822702	-0.061219	189
5846.105593	207.008713	0.832687	-0.060627	191
5848.136503	207.270828	0.844132	-0.059474	193
5850.164848	207.536362	0.857337	-0.058169	195
5852.194524	207.814423	0.871035	-0.056875	197
5854.223645	208.025513	0.885453	-0.055440	199
5856.250744	208.171036	0.899184	-0.053933	201
5858.279350	208.339355	0.913935	-0.052038	203
5860.306384	208.454437	0.927126	-0.050236	205
5862.333997	208.601013	0.940913	-0.047951	207
5864.361925	208.723221	0.953119	-0.045815	209
5866.391022	208.822845	0.965603	-0.043712	211
5868.420172	208.872070	0.978919	-0.041981	213
5870.450300	208.948395	0.995731	-0.041033	215
5872.481200	209.270935	1.018811	-0.040753	217
5874.513290	209.621948	1.039480	-0.040639	219
5876.546485	209.704895	1.054170	-0.040206	221
5878.578009	209.702530	1.068125	-0.040070	223
5880.606032	209.708084	1.083245	-0.039434	225
5882.630313	209.775482	1.096906	-0.038737	227
5884.652238	209.830292	1.109264	-0.037822	229
5886.674653	209.797791	1.117874	-0.036309	231
5888.698149	209.663284	1.124013	-0.035120	233
5890.721893	209.476761	1.130359	-0.034277	235
5892.748131	209.366501	1.138207	-0.033372	237
5894.774562	209.295090	1.147686	-0.032550	239
5896.801623	209.296799	1.158944	-0.031555	241
5898.829492	209.352005	1.170037	-0.030831	243
5900.858673	209.510773	1.183163	-0.029936	245
5902.889148	209.810898	1.197776	-0.029382	247
5904.921104	210.174561	1.212948	-0.028292	249
5906.952515	210.513046	1.226440	-0.027200	251
5908.981739	210.717972	1.239284	-0.026220	253
5911.008904	210.805405	1.252380	-0.025579	255
5913.034298	210.713943	1.265076	-0.024662	1
5915.058764	210.462265	1.277107	-0.023637	3
5917.082358	210.170700	1.286579	-0.022996	5
5919.105181	209.847687	1.291133	-0.022485	7
5921.127782	209.545822	1.291924	-0.021656	9
5923.151342	209.324844	1.291941	-0.021156	11
5925.175618	209.205887	1.293313	-0.020643	13
5927.200418	209.153381	1.295997	-0.020177	15
5929.226237	209.207764	1.302343	-0.019805	17
5931.252406	209.255188	1.307941	-0.019368	19
5933.278451	209.321304	1.314942	-0.018882	21
5935.305192	209.410965	1.320188	-0.018396	23
5937.332019	209.475250	1.326225	-0.017778	25
5939.358954	209.563232	1.344775	-0.017970	27
5941.384562	209.580429	1.354274	-0.017002	29
5943.410688	209.662109	1.356382	-0.016640	31
5945.436796	209.676575	1.358069	-0.016163	33
5947.463705	209.695099	1.357806	-0.016162	35
5949.491594	209.694534	1.355966	-0.015906	37
5951.520589	209.679947	1.355520	-0.015493	39
5953.550417	209.615417	1.352216	-0.015465	41
5955.580128	209.503143	1.348809	-0.015513	43
5957.608695	209.437439	1.344956	-0.015368	45
5959.635568	209.402985	1.340205	-0.015781	47
5961.661103	209.419815	1.338585	-0.015713	49
5963.685302	209.478119	1.338130	-0.015397	51
5965.708433	209.558426	1.337371	-0.015179	53
5967.731331	209.633423	1.335952	-0.014951	55
5969.754585	209.676147	1.334436	-0.014832	57
5971.777844	209.698349	1.330690	-0.014624	59
5973.801729	209.678391	1.327342	-0.014344	61
5975.826700	209.652679	1.324804	-0.013852	63
5977.851928	209.656464	1.323141	-0.013246	65
5979.878317	209.651794	1.319804	-0.012762	67
5981.905709	209.698853	1.317650	-0.012200	69
5983.933477	209.788269	1.315817	-0.011542	71
5985.961639	209.929596	1.314090	-0.011177	73
5987.989839	210.030792	1.312691	-0.010596	75
5990.016899	210.118301	1.310509	-0.010174	77
5992.042987	210.155151	1.309610	-0.009945	79
5994.068296	210.106873	1.310615	-0.009437	81
5996.092492	210.005219	1.311908	-0.009284	83
5998.115695	209.917557	1.314642	-0.009128	85
6000.138798	209.777512	1.316854	-0.008646	87
6002.161790	209.675140	1.315967	-0.008626	89
6004.184568	209.582275	1.314772	-0.008286	91
6006.208008	209.524536	1.311677	-0.007788	93
6008.231750	209.469437	1.308275	-0.007671	95
6010.255861	209.455109	1.305735	-0.007290	97
6012.280862	209.465546	1.302075	-0.006945	99
6014.305572	209.492371	1.300011	-0.006674	101
6016.331068	209.496597	1.296752	-0.006586	103
6018.356666	209.514969	1.294025	-0.006215	105
6020.382710	209.518600	1.292214	-0.006056	107
6022.408755	209.550797	1.292327	-0.005829	109
6024.435786	209.557968	1.289403	-0.005571	111
6026.463092	209.546860	1.287967	-0.005274	113
6028.490636	209.511841	1.287060	-0.005158	115
6030.518341	209.443207	1.283496	-0.004967	117
6032.546297	209.364090	1.282653	-0.004941	119
6034.573555	209.313171	1.278411	-0.005250	121
6036.601128	209.235657	1.274256	-0.004846	123
6038.628068	209.201416	1.270553	-0.004782	125
6040.654270	209.218491	1.267684	-0.004563	127
6042.678888	209.218323	1.265750	-0.004309	129
6044.703309	209.287415	1.264454	-0.004008	131
6046.726813	209.388657	1.263324	-0.003745	133
6048.750140	209.448151	1.263465	-0.003584	135
6050.773909	209.530197	1.261393	-0.003565	137
6052.798060	209.540543	1.260057	-0.003035	139
6054.822492	209.567505	1.257314	-0.002678	141
6056.847625	209.571976	1.254188	-0.002241	143
6058.873561	209.590256	1.251794	-0.001914	145
6060.900007	209.615433	1.250368	-0.001486	147
6062.927001	209.666397	1.248557	-0.001007	149
6064.954236	209.731918	1.246798	-0.000723	151
6066.981444	209.781067	1.245606	-0.000466	153
6069.008285	209.824036	1.244353	-0.000265	155
6071.034685	209.851913	1.243059	-0.000232	157
6073.060445	209.865753	1.242184	0.000138	159
6075.085095	209.816208	1.242889	0.000409	161
6077.109297	209.763123	1.243653	0.000467	163
6079.132890	209.711441	1.242982	0.000358	165
6081.156400	209.658264	1.243945	0.000769	167
6083.180093	209.596405	1.244612	0.001040	169
6085.203607	209.587097	1.242961	0.001003	171
6087.227236	209.579803	1.241144	0.001361	173
6089.251756	209.567413	1.239736	0.001909	175
6091.276226	209.561569	1.238655	0.002110	177
6093.301116	209.556549	1.236513	0.002445	179
6095.326464	209.580704	1.234655	0.002727	181
6097.352426	209.569351	1.232691	0.003160	183
6099.378444	209.570572	1.230838	0.003486	185
6101.405068	209.522812	1.228910	0.003519	187
6103.431927	209.514175	1.227116	0.003752	189
6105.459123	209.450348	1.224294	0.003867	191
6107.486427	209.380035	1.220236	0.004034	193
6109.513343	209.313416	1.216312	0.003929	195
6111.540485	209.264084	1.213272	0.004231	197
6113.567348	209.209549	1.209354	0.004247	199
6115.593485	209.209793	1.206674	0.005216	201
6117.618898	209.159058	1.204740	0.005346	203
6119.643759	209.207062	1.202638	0.005765	205
6121.668042	209.296402	1.201729	0.006115	207
6123.691955	209.382736	1.200039	0.006428	209
6125.715589	209.468460	1.199409	0.006839	211
6127.739907	209.527176	1.198375	0.007093	213
6129.764039	209.595718	1.197599	0.007363	215
6131.788885	209.654984	1.195533	0.007741	217
6133.813715	209.634384	1.192677	0.007678	219
6135.839846	209.691818	1.189956	0.007954	221
6137.865757	209.687012	1.188399	0.008309	223
6139.892526	209.745956	1.185192	0.008737	225
6141.919545	209.779678	1.183214	0.008865	227
6143.946241	209.796356	1.181473	0.008891	229
6145.972837	209.822952	1.179968	0.008939	231
6147.998886	209.815231	1.179076	0.008945	233
6150.024574	209.812622	1.178161	0.008981	235
6152.049899	209.849228	1.178550	0.009309	237
6154.074195	209.751495	1.178923	0.009557	239
6156.098267	209.771179	1.179294	0.008815	241
6158.122047	209.725662	1.179251	0.009450	243
6160.145817	209.705841	1.179098	0.009743	245
6162.170058	209.719421	1.178076	0.009785	247
6164.194105	209.706665	1.176581	0.010102	249
6166.218410	209.717575	1.174561	0.010572	251
6168.243693	209.715042	1.173375	0.010480	253
6170.268740	209.696594	1.172170	0.010534	255
6172.294119	209.664093	1.170329	0.010957	1
6174.319952	209.663605	1.168073	0.010963	3
6176.346279	209.630737	1.165852	0.010896	5
6178.372231	209.590057	1.163448	0.011236	7
6180.399068	209.550934	1.160759	0.011148	9
6182.425792	209.475800	1.158765	0.011287	11
6184.452023	209.431015	1.155434	0.011344	13
6186.478915	209.361710	1.152524	0.011798	15
6188.505323	209.335724	1.149943	0.011967	17
6190.530643	209.320923	1.147503	0.012360	19
6192.556107	209.357513	1.146310	0.012741	21
6194.581144	209.385651	1.145042	0.013419	23
6196.605508	209.450958	1.143694	0.013808	25
6198.629516	209.486343	1.142460	0.014453	27
6200.653834	209.618454	1.139664	0.014967	29
6202.678109	209.693726	1.138474	0.015121	31
6204.702016	209.743622	1.137075	0.015235	33
6206.727387	209.815231	1.135674	0.015771	35
6208.752557	209.846222	1.133869	0.016189	37
6210.778152	209.877121	1.131593	0.016581	39
6212.804627	209.903290	1.130308	0.016855	41
6214.831036	209.912094	1.127892	0.017039	43
6216.857523	209.898849	1.126222	0.017081	45
6218.884192	209.924225	1.124375	0.016916	47
6220.910601	209.953629	1.122361	0.017030	49
6222.936571	209.923599	1.122435	0.017235	51
6224.961598	209.898712	1.122137	0.017410	53
6226.986908	209.923431	1.121417	0.017203	55
6229.011146	209.888077	1.121327	0.017277	57
6231.035709	209.875305	1.120966	0.017242	59
6233.059748	209.916061	1.120624	0.017470	61
6235.084023	209.915787	1.119485	0.017535	63
6237.107964	209.914749	1.118362	0.017747	65
6239.133241	209.937347	1.117347	0.017854	67
6241.157401	209.910583	1.115121	0.018183	69
6243.182486	209.915421	1.113947	0.018461	71
6245.208042	209.914459	1.112620	0.018430	73
6247.233686	209.884491	1.110641	0.018500	75
6249.259933	209.852539	1.108465	0.018665	77
6251.286259	209.802246	1.106133	0.019002	79
