time (s)	coil I (A)	last det (V)	int current (uC)
6986.712535	1.055204	0.774307	450.572083
6986.713529	1.525627	0.774307	1967.045898
6986.714457	1.516088	0.774307	3373.975098
6986.715371	1.475819	0.774307	4722.874023
6986.716256	1.437572	0.774307	5995.125000
6986.717282	0.850964	0.774307	6868.214355
6986.718177	0.105890	0.774307	6962.985840
6986.719049	0.094969	0.774307	7045.799316
6986.719971	0.095145	0.774307	7133.523437
6986.720955	0.095068	0.774307	7227.070801
6986.721878	0.095068	0.774307	7314.818848
6986.722748	0.094995	0.774307	7397.464844
6986.723743	0.095072	0.774307	7492.061523
6986.724643	0.095068	0.774307	7577.623047
6986.725544	0.095142	0.774307	7663.345703
6986.726419	0.095061	0.774307	7746.523926
6987.723815	1.124810	0.634166	579.276917
6987.724699	1.531209	0.634166	1932.865234
6987.725576	1.519702	0.634166	3265.644043
6987.726506	1.479152	0.634166	4641.254883
6987.727496	1.435767	0.634166	6062.664062
6987.728415	0.922401	0.634166	6910.350586
6987.729290	0.113232	0.634166	7009.428711
6987.730389	0.095039	0.634166	7113.876465
6987.731286	0.095050	0.634166	7199.136230
6987.732161	0.095021	0.634166	7282.279297
6987.733023	0.095083	0.634166	7364.240723
6987.734080	0.095076	0.634166	7464.735840
6987.734971	0.094999	0.634166	7549.379883
6987.735847	0.095072	0.634166	7632.663086
6987.736847	0.095032	0.634166	7727.694824
6987.737773	0.095006	0.634166	7815.670410
6988.708788	1.022150	0.706744	428.280731
6988.709825	1.530007	0.706744	2014.898437
6988.710803	1.513550	0.706744	3495.150146
6988.711679	1.474611	0.706744	4786.909180
6988.712569	1.435129	0.706744	6064.174316
6988.713672	0.697375	0.706744	6833.379395
6988.714552	0.100173	0.706744	6921.531738
6988.715410	0.095050	0.706744	7003.084473
6988.716473	0.095065	0.706744	7104.138184
6988.717444	0.094944	0.706744	7196.328613
6988.718307	0.094991	0.706744	7278.306152
6988.719181	0.095046	0.706744	7361.376465
6988.720276	0.095010	0.706744	7465.412109
6988.721180	0.094973	0.706744	7551.268066
6988.722051	0.095065	0.706744	7634.069336
6988.723108	0.095061	0.706744	7734.548828
6989.708224	1.034077	0.617001	443.619110
6989.709254	1.529546	0.617001	2019.051392
6989.710307	1.510671	0.617001	3609.788330
6989.711194	1.471351	0.617001	4914.876953
6989.712127	1.430966	0.617001	6249.967773
6989.713209	0.564463	0.617001	6860.716797
6989.714140	0.096552	0.617001	6950.606445
6989.714997	0.095145	0.617001	7032.145996
6989.716036	0.095193	0.617001	7131.051270
6989.717071	0.095105	0.617001	7229.484863
6989.717959	0.095061	0.617001	7313.898926
6989.718825	0.095160	0.617001	7396.307617
6989.719885	0.095079	0.617001	7497.091797
6989.720822	0.095017	0.617001	7586.123047
6989.721700	0.095072	0.617001	7669.596191
6989.722638	0.095171	0.617001	7758.866699
6990.764483	1.032616	0.645582	441.959656
6990.765444	1.524496	0.645582	1907.000244
6990.766502	1.513059	0.645582	3507.816650
6990.767432	1.472029	0.645582	4876.803711
6990.768293	1.433987	0.645582	6111.466309
6990.769369	0.685364	0.645582	6848.917969
6990.770380	0.097083	0.645582	6947.068359
6990.771249	0.095098	0.645582	7029.708008
6990.772211	0.095145	0.645582	7121.237793
6990.773239	0.095145	0.645582	7219.047363
6990.774154	0.095112	0.645582	7306.075195
6990.775022	0.095028	0.645582	7388.559570
6990.776102	0.095164	0.645582	7491.336426
6990.777084	0.095035	0.645582	7584.661133
6990.777975	0.095028	0.645582	7669.331055
6990.778941	0.095120	0.645582	7761.216797
6991.780320	1.072873	0.680991	491.376038
6991.781193	1.527418	0.680991	1824.812256
6991.782169	1.518248	0.680991	3306.622559
6991.783232	1.472230	0.680991	4871.603516
6991.784138	1.432753	0.680991	6169.677734
6991.785013	0.847064	0.680991	6910.858887
6991.786107	0.099254	0.680991	7019.442871
6991.787077	0.095024	0.680991	7111.616699
6991.787958	0.095006	0.680991	7195.316895
6991.788956	0.095032	0.680991	7290.158691
6991.790014	0.095035	0.680991	7390.706055
6991.790899	0.094962	0.680991	7474.747559
6991.791782	0.095072	0.680991	7558.696289
6991.792862	0.095054	0.680991	7661.354492
6991.793833	0.095032	0.680991	7753.630371
6991.794695	0.095054	0.680991	7835.566895
6992.777711	1.092543	0.819154	521.142883
6992.778645	1.530714	0.819154	1950.829834
6992.779572	1.517153	0.819154	3357.230957
6992.780454	1.478291	0.819154	4661.083496
6992.781372	1.438718	0.819154	5981.827148
6992.782345	0.956462	0.819154	6912.464844
6992.783260	0.114397	0.819154	7017.138184
6992.784120	0.094955	0.819154	7098.799316
6992.785045	0.095024	0.819154	7186.696777
6992.785994	0.094984	0.819154	7276.836914
6992.786883	0.095006	0.819154	7361.297363
6992.787960	0.094984	0.819154	7463.595215
6992.788919	0.095002	0.819154	7554.702637
6992.789845	0.095068	0.819154	7642.735840
6992.790706	0.095028	0.819154	7724.555176
6992.791669	0.094966	0.819154	7816.007324
6993.779160	1.050070	0.765143	468.331024
6993.780036	1.525950	0.765143	1805.062988
6993.780945	1.520969	0.765143	3187.624023
6993.781912	1.479741	0.765143	4618.533691
6993.782846	1.438546	0.765143	5962.135742
6993.783731	1.063997	0.765143	6903.772461
6993.784685	0.116752	0.765143	7015.153809
6993.785632	0.095002	0.765143	7105.121094
6993.786547	0.095043	0.765143	7192.084961
6993.787408	0.095013	0.765143	7273.891602
6993.788373	0.094995	0.765143	7365.562012
6993.789329	0.094991	0.765143	7456.374023
6993.790214	0.094995	0.765143	7540.444824
6993.791142	0.094977	0.765143	7628.583496
6993.792048	0.094973	0.765143	7714.629395
6993.792986	0.094984	0.765143	7803.724609
6994.812976	1.142201	0.778174	613.361816
6994.813877	1.532710	0.778174	1994.333496
6994.814745	1.516183	0.778174	3310.380371
6994.815861	1.469286	0.778174	4950.103516
6994.816829	1.428292	0.778174	6332.690430
6994.817710	0.718103	0.778174	6965.339355
6994.818756	0.097848	0.778174	7067.688477
6994.819795	0.095017	0.778174	7166.411133
6994.820686	0.095028	0.778174	7251.081055
6994.821576	0.095083	0.778174	7335.705078
6994.822652	0.095131	0.778174	7438.065430
6994.823600	0.094988	0.778174	7528.113770
6994.824459	0.095039	0.778174	7609.752441
6994.825501	0.095098	0.778174	7708.844238
6994.826523	0.094948	0.778174	7805.880371
6994.827402	0.095024	0.778174	7889.406738
6995.828660	1.029093	0.654980	430.160889
6995.829725	1.532677	0.654980	2062.461914
6995.830622	1.515527	0.654980	3421.890137
6995.831502	1.476636	0.654980	4721.329590
6995.832440	1.436396	0.654980	6068.669434
6995.833441	0.833617	0.654980	6903.120117
6995.834358	0.104191	0.654980	6998.663086
6995.835222	0.094900	0.654980	7080.656738
6995.836264	0.094948	0.654980	7179.591797
6995.837136	0.095035	0.654980	7262.462891
6995.838008	0.094977	0.654980	7345.282715
6995.838867	0.094969	0.654980	7426.861328
6995.839914	0.094988	0.654980	7526.313477
6995.840802	0.095002	0.654980	7610.675781
6995.841677	0.095002	0.654980	7693.802734
6995.842667	0.095021	0.654980	7787.873047
6996.816367	1.077964	0.921236	507.720978
6996.817243	1.526814	0.921236	1845.209961
6996.818106	1.520977	0.921236	3157.812744
6996.819170	1.475973	0.921236	4728.248047
6996.820115	1.434880	0.921236	6084.209961
6996.820997	0.962992	0.921236	6933.568848
6996.821954	0.118594	0.921236	7047.062988
6996.822984	0.095035	0.921236	7144.949219
6996.823860	0.095076	0.921236	7228.235352
6996.824725	0.095112	0.921236	7310.507324
6996.825746	0.095065	0.921236	7407.568359
6996.826700	0.094988	0.921236	7498.186523
6996.827575	0.095017	0.921236	7581.326660
6996.828482	0.095090	0.921236	7667.573730
6996.829555	0.095035	0.921236	7769.546875
6996.830446	0.095083	0.921236	7854.265625
6997.847482	1.030499	0.601794	436.931732
6997.848532	1.531175	0.601794	2044.666016
6997.849564	1.510510	0.601794	3603.512695
6997.850455	1.470817	0.601794	4914.010254
6997.851406	1.430420	0.601794	6274.339844
6997.852446	0.575134	0.601794	6872.479492
6997.853372	0.096742	0.601794	6962.062500
6997.854235	0.094969	0.601794	7044.020996
6997.855291	0.095057	0.601794	7144.401367
6997.856295	0.094980	0.601794	7239.761719
6997.857175	0.095028	0.601794	7323.386230
6997.858148	0.095094	0.601794	7415.912598
6997.859198	0.095035	0.601794	7515.699707
6997.860110	0.094999	0.601794	7602.338379
6997.860966	0.095068	0.601794	7683.716797
6997.862008	0.095153	0.601794	7782.865723
6998.870966	1.041687	0.544765	437.508545
6998.872068	1.532087	0.544765	2125.868896
6998.873062	1.509796	0.544765	3626.606201
6998.873941	1.470835	0.544765	4919.470215
6998.874929	1.428475	0.544765	6330.803711
6998.875990	0.502310	0.544765	6863.753906
6998.876876	0.096350	0.544765	6949.120117
6998.877765	0.094926	0.544765	7033.508789
6998.878857	0.094973	0.544765	7137.219238
6998.879815	0.094937	0.544765	7228.168457
6998.880685	0.094944	0.544765	7310.769531
6998.881709	0.095050	0.544765	7408.100586
6998.882749	0.095010	0.544765	7506.910645
6998.883648	0.095024	0.544765	7592.337402
6998.884572	0.095120	0.544765	7680.228027
6998.885639	0.095134	0.544765	7781.736328
6999.847405	1.088943	0.734185	518.336792
6999.848368	1.530846	0.734185	1992.541382
6999.849302	1.515553	0.734185	3408.067871
6999.850170	1.477061	0.734185	4690.156250
6999.851142	1.435444	0.734185	6085.408203
6999.852082	0.893104	0.734185	6924.926270
6999.852945	0.111848	0.734185	7021.451172
6999.853902	0.094958	0.734185	7112.326660
6999.854830	0.095017	0.734185	7200.502441
6999.855748	0.095039	0.734185	7287.748535
6999.856618	0.094958	0.734185	7370.362305
6999.857579	0.095021	0.734185	7461.677246
6999.858523	0.094984	0.734185	7551.342285
6999.859412	0.095021	0.734185	7635.815918
6999.860328	0.095068	0.734185	7722.898437
6999.861267	0.094966	0.734185	7812.071289
7000.906681	1.045338	0.561829	441.132690
7000.907670	1.530883	0.561829	1955.175537
7000.908595	1.517274	0.561829	3358.654297
7000.909477	1.478375	0.561829	4662.581055
7000.910387	1.439077	0.561829	5972.141113
7000.911364	0.948453	0.561829	6898.780273
7000.912291	0.111669	0.561829	7002.297363
7000.913152	0.094933	0.561829	7084.034668
7000.914116	0.094995	0.561829	7175.609863
7000.915048	0.094969	0.561829	7264.121582
7000.915930	0.095061	0.561829	7347.965332
7000.916805	0.094944	0.561829	7431.041016
7000.917762	0.094988	0.561829	7521.944336
7000.918711	0.094973	0.561829	7612.073730
7000.919602	0.094980	0.561829	7696.701172
7000.920508	0.094988	0.561829	7782.760254
7001.879548	1.060551	0.674630	520.730347
7001.880463	1.530132	0.674630	1920.800903
7001.881390	1.517179	0.674630	3327.225586
7001.882270	1.478708	0.674630	4628.489258
7001.883197	1.437733	0.674630	5961.268066
7001.884151	0.951830	0.674630	6869.313477
7001.885067	0.112401	0.674630	6972.272949
7001.885930	0.094882	0.674630	7054.155762
7001.886892	0.095010	0.674630	7145.555176
7001.887843	0.094940	0.674630	7235.843262
7001.888732	0.095017	0.674630	7320.313477
7001.889654	0.094991	0.674630	7407.895508
7001.890559	0.094962	0.674630	7493.836426
7001.891497	0.094958	0.674630	7582.907715
7001.892383	0.095021	0.674630	7667.096191
7001.893297	0.094922	0.674630	7753.854980
7002.930170	1.062473	0.687855	494.050018
7002.931061	1.528063	0.687855	1855.553955
7002.931936	1.520958	0.687855	3186.392578
7002.932827	1.482338	0.687855	4507.155273
7002.933778	1.440751	0.687855	5877.309082
7002.934717	1.041735	0.687855	6855.498047
7002.935606	0.129346	0.687855	6970.486328
7002.936519	0.094977	0.687855	7057.200195
7002.937485	0.094944	0.687855	7148.916016
7002.938369	0.095006	0.687855	7232.901367
7002.939280	0.095032	0.687855	7319.475098
7002.940197	0.094973	0.687855	7406.565430
7002.941143	0.094966	0.687855	7496.403320
7002.942028	0.095017	0.687855	7580.493652
7002.942954	0.095039	0.687855	7668.500000
7002.943906	0.095010	0.687855	7758.949219
7003.925506	1.071537	0.800830	533.625366
7003.926418	1.530381	0.800830	1929.332642
7003.927332	1.517388	0.800830	3316.225098
7003.928219	1.478518	0.800830	4627.670410
7003.929181	1.436342	0.800830	6009.430664
7003.930121	0.924598	0.800830	6878.553223
7003.931052	0.108710	0.800830	6979.762207
7003.931913	0.094973	0.800830	7061.534180
7003.932873	0.095021	0.800830	7152.753906
7003.933827	0.094940	0.800830	7243.326660
7003.934713	0.094966	0.800830	7327.466309
7003.935635	0.095068	0.800830	7415.119141
7003.936550	0.094991	0.800830	7502.036133
7003.937484	0.094969	0.800830	7590.737793
7003.938376	0.094984	0.800830	7675.463867
7003.939277	0.094948	0.800830	7761.011719
7004.945890	1.060030	0.760856	474.893646
7004.946768	1.525975	0.760856	1814.700073
7004.947636	1.522277	0.760856	3136.036133
7004.948562	1.482484	0.760856	4508.816406
7004.949539	1.439700	0.760856	5915.402832
7004.950458	1.042844	0.760856	6873.776855
7004.951342	0.129434	0.760856	6988.196289
7004.952258	0.094937	0.760856	7075.158203
7004.953217	0.095032	0.760856	7166.293457
7004.954133	0.094951	0.760856	7253.268555
7004.955009	0.094988	0.760856	7336.478027
7004.955973	0.094944	0.760856	7428.003906
7004.956913	0.095013	0.760856	7517.316406
7004.957788	0.094991	0.760856	7600.434082
7004.958928	0.095017	0.760856	7708.753418
7004.959841	0.095017	0.760856	7795.503906
7005.950901	1.025376	0.745545	431.683289
7005.951969	1.531729	0.745545	2067.569336
7005.952874	1.514685	0.745545	3438.359375
7005.953750	1.475995	0.745545	4731.331055
7005.954658	1.436056	0.745545	6035.269531
7005.955687	0.794015	0.745545	6852.311035
7005.956608	0.102792	0.745545	6946.982422
7005.957477	0.094969	0.745545	7029.510742
7005.958495	0.095083	0.745545	7126.305176
7005.959385	0.094973	0.745545	7210.831055
7005.960303	0.095028	0.745545	7298.066895
7005.961181	0.095057	0.745545	7381.527344
7005.962216	0.094944	0.745545	7479.794434
7005.963109	0.095046	0.745545	7564.670898
7005.964022	0.095010	0.745545	7651.415039
7005.964887	0.095057	0.745545	7733.639648
7006.978060	1.078517	0.608062	544.651001
7006.979030	1.533457	0.608062	2032.104370
7006.979957	1.514747	0.608062	3436.275146
7006.980831	1.475826	0.608062	4726.147461
7006.981863	1.432522	0.608062	6204.510254
7006.982769	0.808271	0.608062	6936.804199
7006.983689	0.103000	0.608062	7031.564453
7006.984553	0.095002	0.608062	7113.646484
7006.985523	0.094988	0.608062	7205.784668
7006.986460	0.095068	0.608062	7294.863770
7006.987348	0.095035	0.608062	7379.255371
7006.988320	0.095134	0.608062	7471.726074
7006.989252	0.095057	0.608062	7560.319336
7006.990174	0.094995	0.608062	7647.904785
7006.991059	0.095021	0.608062	7731.998047
7006.991995	0.095035	0.608062	7820.951172
7007.972322	1.059525	0.711216	475.726776
7007.973196	1.526158	0.711216	1809.589233
7007.974072	1.521892	0.711216	3142.766602
7007.975017	1.481843	0.711216	4543.108398
7007.975946	1.440165	0.711216	5881.021484
7007.976876	1.081622	0.711216	6886.930176
7007.977745	0.136740	0.711216	7005.756836
7007.978773	0.094863	0.711216	7103.276367
7007.979671	0.094980	0.711216	7188.568848
7007.980589	0.094966	0.711216	7275.747559
7007.981448	0.094969	0.711216	7357.326172
7007.982424	0.095028	0.711216	7450.073730
7007.983353	0.095017	0.711216	7538.344727
7007.984212	0.094999	0.711216	7619.948730
7007.985227	0.094948	0.711216	7716.320312
7007.986136	0.095061	0.711216	7802.730957
7009.020361	1.050689	0.703308	454.948120
7009.021235	1.525426	0.703308	1788.170410
7009.022191	1.519215	0.703308	3240.540039
7009.023118	1.479188	0.703308	4611.747559
7009.024012	1.440304	0.703308	5899.379395
7009.024961	1.032696	0.703308	6879.408203
7009.025884	0.120040	0.703308	6990.205566
7009.026803	0.094911	0.703308	7077.428711
7009.027677	0.095032	0.703308	7160.486328
7009.028601	0.095017	0.703308	7248.282227
7009.029553	0.094973	0.703308	7338.696777
7009.030458	0.095006	0.703308	7424.677246
7009.031335	0.094904	0.703308	7507.907715
7009.032279	0.094973	0.703308	7597.562500
7009.033200	0.095013	0.703308	7685.069824
7009.034109	0.095032	0.703308	7771.453613
7009.990581	1.028709	0.766315	431.028900
7009.991640	1.531754	0.766315	2053.156494
7009.992537	1.515154	0.766315	3412.249512
7009.993422	1.476401	0.766315	4718.864746
7009.994375	1.435569	0.766315	6086.961914
7009.995369	0.823345	0.766315	6905.366699
7009.996297	0.103715	0.766315	7001.613770
7009.997164	0.094904	0.766315	7083.895020
7009.998194	0.095002	0.766315	7181.747559
7009.999070	0.094926	0.766315	7264.902344
7009.999947	0.095002	0.766315	7348.219727
7010.000804	0.095043	0.766315	7429.671387
7010.001857	0.095043	0.766315	7529.751465
7010.002752	0.095002	0.766315	7614.778809
7010.003627	0.094958	0.766315	7697.867676
7010.004622	0.095054	0.766315	7792.446289
7011.048462	1.121814	0.710289	563.150574
7011.049356	1.530066	0.710289	1931.029541
7011.050230	1.519449	0.710289	3259.028320
7011.051218	1.476665	0.710289	4717.973633
7011.052152	1.435170	0.710289	6058.421875
7011.053088	0.914601	0.710289	6914.488281
7011.053965	0.111680	0.710289	7012.431152
7011.054906	0.094995	0.710289	7101.821777
7011.055844	0.095076	0.710289	7191.002930
7011.056760	0.095050	0.710289	7278.068848
7011.057624	0.095065	0.710289	7360.204590
7011.058561	0.094999	0.710289	7449.218262
7011.059500	0.095043	0.710289	7538.463379
7011.060371	0.095006	0.710289	7621.213867
7011.061519	0.095068	0.710289	7730.352539
7011.062392	0.095021	0.710289	7813.305664
7012.035531	1.060785	0.725911	462.502228
7012.036465	1.528477	0.725911	1890.099365
7012.037328	1.519431	0.725911	3201.368408
7012.038364	1.475750	0.725911	4730.245117
7012.039246	1.437264	0.725911	5997.912109
7012.040161	0.996383	0.725911	6909.602539
7012.041031	0.122681	0.725911	7016.334961
7012.042019	0.094893	0.725911	7110.088867
7012.042940	0.094973	0.725911	7197.559082
7012.043820	0.095072	0.725911	7281.222656
7012.044840	0.095028	0.725911	7378.151367
7012.045733	0.095035	0.725911	7463.018066
7012.046647	0.095057	0.725911	7549.900391
7012.047511	0.094984	0.725911	7631.966797
7012.048496	0.095065	0.725911	7725.605469
7012.049418	0.095061	0.725911	7813.251953
7013.042636	1.046653	0.836094	456.340607
7013.043514	1.525041	0.836094	1795.327026
7013.044546	1.516827	0.836094	3360.692871
7013.045447	1.476819	0.836094	4691.306641
7013.046372	1.436733	0.836094	6020.285156
7013.047252	1.022765	0.836094	6920.318359
7013.048236	0.113961	0.836094	7032.456055
7013.049127	0.094896	0.836094	7117.008789
7013.050044	0.094988	0.836094	7204.112793
7013.050922	0.095050	0.836094	7287.566895
7013.051883	0.095039	0.836094	7378.899414
7013.052829	0.095043	0.836094	7468.810059
7013.053713	0.095010	0.836094	7552.798828
7013.054587	0.095017	0.836094	7635.843750
7013.055558	0.095054	0.836094	7728.141113
7013.056478	0.095035	0.836094	7815.573730
7014.089688	1.050454	0.589653	465.351135
7014.090563	1.526338	0.589653	1800.896729
7014.091482	1.521526	0.589653	3199.178955
7014.092433	1.479748	0.589653	4606.419922
7014.093371	1.438883	0.589653	5956.092285
7014.094249	1.075686	0.589653	6900.544434
7014.095162	0.130254	0.589653	7019.466309
7014.096122	0.094845	0.589653	7110.517578
7014.097015	0.094966	0.589653	7195.322266
7014.097925	0.094944	0.589653	7281.721191
7014.098872	0.094915	0.589653	7371.605469
7014.099801	0.095013	0.589653	7459.873047
7014.100664	0.095105	0.589653	7541.948730
7014.101598	0.094991	0.589653	7630.670898
7014.102535	0.094988	0.589653	7719.674316
7014.103462	0.095006	0.589653	7807.745117
7015.073211	1.025054	0.753167	433.597717
7015.074241	1.528195	0.753167	2007.638184
7015.075148	1.515293	0.753167	3382.008789
7015.076077	1.475387	0.753167	4752.643555
7015.076940	1.436067	0.753167	5991.969238
7015.077966	0.838671	0.753167	6852.445312
7015.078855	0.105729	0.753167	6946.437988
7015.079773	0.094860	0.753167	7033.519043
7015.080636	0.095013	0.753167	7115.515625
7015.081641	0.094988	0.753167	7210.978516
7015.082562	0.094962	0.753167	7298.438477
7015.083427	0.094977	0.753167	7380.593262
7015.084457	0.094926	0.753167	7478.366699
7015.085339	0.095024	0.753167	7562.178223
7015.086255	0.094991	0.753167	7649.190430
7015.087116	0.094951	0.753167	7730.943359
7016.080908	1.095784	0.765376	552.274963
7016.081797	1.529832	0.765376	1912.295166
7016.082666	1.519468	0.765376	3232.712646
7016.083717	1.473695	0.765376	4781.566406
7016.084698	1.431584	0.765376	6185.950684
7016.085580	0.854000	0.765376	6939.178711
7016.086454	0.108157	0.765376	7033.707520
7016.087552	0.095002	0.765376	7138.020020
7016.088450	0.094958	0.765376	7223.292969
7016.089322	0.094980	0.765376	7306.115723
7016.090181	0.094977	0.765376	7387.700684
7016.091234	0.094980	0.765376	7487.715332
7016.092112	0.094937	0.765376	7571.069824
7016.092976	0.094980	0.765376	7653.132812
7016.093945	0.094944	0.765376	7745.133301
7016.094880	0.094885	0.765376	7833.851074
7017.131474	1.051846	0.649155	462.812103
7017.132348	1.525584	0.649155	1796.172119
7017.133210	1.522141	0.649155	3108.257812
7017.134268	1.477932	0.649155	4671.910156
7017.135153	1.438894	0.649155	5945.331543
7017.136032	1.086555	0.649155	6900.413574
7017.136969	0.138706	0.649155	7030.381348
7017.137949	0.094863	0.649155	7123.347168
7017.138857	0.094984	0.649155	7209.592773
7017.139740	0.095021	0.649155	7293.496094
7017.140763	0.095032	0.649155	7390.713379
7017.141659	0.094958	0.649155	7475.796387
7017.142577	0.094955	0.649155	7562.964844
7017.143439	0.095021	0.649155	7644.872559
7017.144481	0.095006	0.649155	7743.869141
7017.145368	0.094995	0.649155	7828.129883
7018.125249	1.030843	0.651145	439.139343
7018.126273	1.526547	0.651145	2002.322998
7018.127325	1.510481	0.651145	3591.349121
7018.128224	1.470183	0.651145	4913.043945
7018.129089	1.431390	0.651145	6151.196777
7018.130189	0.611649	0.651145	6824.010742
7018.131155	0.096541	0.651145	6917.269043
7018.132011	0.094966	0.651145	6998.559570
7018.133118	0.095050	0.651145	7103.779785
7018.134148	0.095010	0.651145	7201.639648
7018.135020	0.094977	0.651145	7284.459473
7018.135921	0.095017	0.651145	7370.069824
7018.136991	0.095123	0.651145	7471.851562
7018.137924	0.094988	0.651145	7560.475098
7018.138799	0.095021	0.651145	7643.618164
7018.139727	0.095050	0.651145	7731.824707
7019.120581	1.033550	0.824766	442.359344
7019.121449	1.523522	0.824766	1764.776123
7019.122434	1.519303	0.824766	3261.289551
7019.123356	1.477676	0.824766	4623.706543
7019.124285	1.438184	0.824766	5959.779297
7019.125155	1.048015	0.824766	6871.552246
7019.126127	0.123684	0.824766	6991.772949
7019.127080	0.094958	0.824766	7082.268555
7019.127957	0.095043	0.824766	7165.621094
7019.128879	0.095090	0.824766	7253.294434
7019.129977	0.095101	0.824766	7357.715820
7019.130971	0.095002	0.824766	7452.148437
7019.131842	0.095057	0.824766	7534.943359
7019.132823	0.095083	0.824766	7628.219727
7019.133875	0.095094	0.824766	7728.258789
7019.134776	0.095043	0.824766	7813.892090
7020.156445	1.115585	0.709721	570.063782
7020.157453	1.533970	0.709721	2116.305420
7020.158341	1.513605	0.709721	3460.386230
7020.159334	1.470399	0.709721	4920.492676
7020.160370	1.425685	0.709721	6397.501953
7020.161288	0.590094	0.709721	6939.208008
7020.162147	0.098346	0.709721	7023.687012
7020.163239	0.095050	0.709721	7127.481445
7020.164225	0.094933	0.709721	7221.085449
7020.165095	0.095006	0.709721	7303.740723
7020.166078	0.095127	0.709721	7397.250488
7020.167135	0.095054	0.709721	7497.722168
7020.168031	0.095013	0.709721	7582.854004
7020.168897	0.095028	0.709721	7665.148437
7020.169999	0.095094	0.709721	7769.941895
7020.170971	0.095002	0.709721	7862.284180
7021.183977	1.084852	0.667178	503.371490
7021.184860	1.528359	0.667178	1852.912720
7021.185837	1.517098	0.667178	3335.117920
7021.186899	1.470688	0.667178	4896.989258
7021.187829	1.430548	0.667178	6227.398926
7021.188701	0.805917	0.667178	6930.158203
7021.189779	0.098610	0.667178	7036.459473
7021.190776	0.094966	0.667178	7131.140625
7021.191669	0.094955	0.667178	7215.935059
7021.192651	0.094988	0.667178	7309.212891
7021.193696	0.094966	0.667178	7408.452148
7021.194590	0.094958	0.667178	7493.345215
7021.195450	0.094984	0.667178	7575.031738
7021.196547	0.095076	0.667178	7679.329590
7021.197505	0.094969	0.667178	7770.310547
7021.198363	0.094995	0.667178	7851.816406
7022.166538	1.099329	0.741291	549.664246
7022.167484	1.532157	0.741291	1999.084717
7022.168349	1.517516	0.741291	3311.735840
7022.169387	1.472274	0.741291	4839.956543
7022.170421	1.428054	0.741291	6316.564453
7022.171324	0.691677	0.741291	6941.148926
7022.172262	0.100649	0.741291	7035.558105
7022.173321	0.094977	0.741291	7136.138672
7022.174250	0.094984	0.741291	7224.378906
7022.175111	0.095032	0.741291	7306.201172
7022.176154	0.094991	0.741291	7405.277344
7022.177164	0.094911	0.741291	7501.137207
7022.178040	0.094937	0.741291	7584.301758
7022.179005	0.094977	0.741291	7675.954590
7022.180049	0.094962	0.741291	7775.095215
7022.180964	0.094988	0.741291	7862.009277
7023.179806	1.117075	0.822143	574.176575
7023.180750	1.532292	0.822143	2020.660645
7023.181623	1.516047	0.822143	3344.169922
7023.182645	1.471337	0.822143	4847.875977
7023.183691	1.426853	0.822143	6340.364258
7023.184589	0.667247	0.822143	6939.552246
7023.185539	0.099862	0.822143	7034.421387
7023.186590	0.095068	0.822143	7134.338379
7023.187521	0.094951	0.822143	7222.737793
7023.188385	0.094988	0.822143	7304.807129
7023.189446	0.095083	0.822143	7405.690430
7023.190449	0.094845	0.822143	7500.819824
7023.191342	0.094948	0.822143	7585.607910
7023.192307	0.095035	0.822143	7677.316895
7023.193355	0.095010	0.822143	7776.887207
7023.194263	0.094973	0.822143	7863.123047
7024.216581	1.094253	0.661043	543.843689
7024.217492	1.531047	0.661043	1938.627930
7024.218364	1.518940	0.661043	3263.144043
7024.219351	1.476753	0.661043	4720.699219
7024.220366	1.432317	0.661043	6174.500977
7024.221262	0.851594	0.661043	6937.529297
7024.222122	0.108311	0.661043	7030.676270
7024.223196	0.094929	0.661043	7132.630371
7024.224109	0.094991	0.661043	7219.357422
7024.224977	0.094951	0.661043	7301.774902
7024.225958	0.095032	0.661043	7395.000977
7024.226969	0.094889	0.661043	7490.933594
7024.227852	0.095010	0.661043	7574.827148
7024.228716	0.094962	0.661043	7656.874512
7024.229747	0.094958	0.661043	7754.776855
7024.230686	0.094944	0.661043	7843.929199
7025.236965	1.079008	0.633078	498.501526
7025.237843	1.527880	0.633078	1839.979980
7025.238705	1.520977	0.633078	3151.061768
7025.239776	1.475332	0.633078	4731.142578
7025.240703	1.435184	0.633078	6061.558594
7025.241587	0.980134	0.633078	6927.997070
7025.242553	0.119114	0.633078	7043.061035
7025.243560	0.094937	0.633078	7138.662109
7025.244447	0.094962	0.633078	7222.893555
7025.245309	0.095057	0.633078	7304.833008
7025.246379	0.094991	0.633078	7406.473633
7025.247310	0.094977	0.633078	7494.896973
7025.248188	0.094977	0.633078	7578.286621
7025.249150	0.095057	0.633078	7669.731934
7025.250162	0.094958	0.633078	7765.830078
7025.251047	0.095043	0.633078	7849.942871
7026.220017	1.082919	0.735539	517.635132
7026.220907	1.528509	0.735539	1878.008545
7026.221833	1.518131	0.735539	3283.797852
7026.222889	1.472084	0.735539	4838.318359
7026.223833	1.431544	0.735539	6189.696289
7026.224709	0.881481	0.735539	6961.873535
7026.225756	0.102118	0.735539	7068.791016
7026.226772	0.094955	0.735539	7165.265137
7026.227653	0.095079	0.735539	7249.030273
7026.228592	0.095013	0.735539	7338.248047
7026.229648	0.094999	0.735539	7438.566895
7026.230558	0.095006	0.735539	7525.022461
7026.231425	0.095017	0.735539	7607.402344
7026.232467	0.094951	0.735539	7706.341309
7026.233482	0.095006	0.735539	7802.772461
7026.234375	0.094948	0.735539	7887.560547
7027.234236	1.041936	0.784535	442.822815
7027.235220	1.529110	0.784535	1947.467041
7027.236150	1.516227	0.784535	3357.558105
7027.237033	1.477592	0.784535	4662.271484
7027.237938	1.438715	0.784535	5964.308105
7027.238902	0.971851	0.784535	6901.171875
7027.239825	0.115020	0.784535	7007.334961
7027.240690	0.094874	0.784535	7089.401367
7027.241645	0.094977	0.784535	7180.104004
7027.242558	0.094937	0.784535	7266.781250
7027.243485	0.095035	0.784535	7354.878906
7027.244358	0.094955	0.784535	7437.774414
7027.245434	0.095028	0.784535	7540.024414
7027.246490	0.094951	0.784535	7640.292969
7027.247375	0.094937	0.784535	7724.312012
7027.248260	0.095002	0.784535	7808.389160
7028.272113	1.065333	0.620925	497.510620
7028.272999	1.528264	0.620925	1851.552612
7028.273865	1.521204	0.620925	3168.915039
7028.274816	1.480012	0.620925	4576.406738
7028.275759	1.438722	0.620925	5933.121582
7028.276669	1.033879	0.620925	6873.951660
7028.277549	0.128434	0.620925	6986.973633
7028.278504	0.094937	0.620925	7077.638184
7028.279448	0.094991	0.620925	7167.310059
7028.280338	0.095065	0.620925	7251.917480
7028.281272	0.095046	0.620925	7340.690918
7028.282357	0.095145	0.620925	7443.923340
7028.283351	0.094991	0.620925	7538.344727
7028.284237	0.095024	0.620925	7622.536133
7028.285205	0.095098	0.620925	7714.590820
7028.286235	0.095068	0.620925	7812.511230
7029.290999	1.075668	0.633143	507.715179
7029.291901	1.528590	0.633143	1886.503418
7029.292784	1.519893	0.633143	3228.568604
7029.293728	1.479686	0.633143	4625.392578
7029.294663	1.438118	0.633143	5970.032715
7029.295598	0.985151	0.633143	6891.149414
7029.296472	0.120549	0.633143	6996.509277
7029.297403	0.094900	0.633143	7084.861328
7029.298344	0.095006	0.633143	7174.262207
7029.299269	0.095043	0.633143	7262.176758
7029.300137	0.095002	0.633143	7344.638672
7029.301103	0.095072	0.633143	7436.478027
7029.302051	0.095039	0.633143	7526.575195
7029.302942	0.094962	0.633143	7611.186523
7029.303864	0.094929	0.633143	7698.711426
7029.304812	0.095002	0.633143	7788.773926
7030.273988	1.041661	0.703541	449.997711
7030.274870	1.525064	0.703541	1795.103760
7030.275747	1.522302	0.703541	3130.162598
7030.276666	1.482557	0.703541	4492.632812
7030.277625	1.441542	0.703541	5875.071289
7030.278550	1.092986	0.703541	6886.083008
7030.279424	0.141617	0.703541	7009.856445
7030.280376	0.094922	0.703541	7100.222168
7030.281289	0.094984	0.703541	7186.942871
7030.282181	0.094966	0.703541	7271.652344
7030.283215	0.095024	0.703541	7369.907715
7030.284164	0.094980	0.703541	7460.043945
7030.285085	0.095068	0.703541	7547.602051
7030.285955	0.095017	0.703541	7630.267090
7030.286925	0.095032	0.703541	7722.447754
7030.287870	0.095006	0.703541	7812.228516
7031.292935	1.095414	0.733859	549.897705
7031.293866	1.531157	0.733859	1975.405029
7031.294796	1.515502	0.733859	3384.821777
7031.295666	1.476757	0.733859	4669.600098
7031.296640	1.435719	0.733859	6067.990234
7031.297602	0.886135	0.733859	6920.452148
7031.298485	0.108420	0.733859	7016.187500
7031.299352	0.094852	0.733859	7098.424316
7031.300294	0.094900	0.733859	7187.819824
7031.301234	0.094948	0.733859	7277.070312
7031.302121	0.094900	0.733859	7361.246582
7031.303029	0.094915	0.733859	7447.429199
7031.303993	0.095054	0.733859	7539.061035
7031.304908	0.094966	0.733859	7625.954590
7031.305795	0.094999	0.733859	7710.218750
7031.306719	0.094988	0.733859	7797.987305
7032.330215	1.083787	0.611527	506.128357
7032.331150	1.530762	0.611527	1937.390625
7032.332028	1.519036	0.611527	3271.104004
7032.332930	1.479902	0.611527	4605.976074
7032.333884	1.438641	0.611527	5978.439941
7032.334811	1.012119	0.611527	6916.674316
7032.335675	0.125691	0.611527	7025.271484
7032.336645	0.094852	0.611527	7117.278320
7032.337558	0.095006	0.611527	7204.019043
7032.338457	0.094977	0.611527	7289.403320
7032.339331	0.095006	0.611527	7372.438477
7032.340296	0.095050	0.611527	7464.161621
7032.341248	0.094991	0.611527	7554.593262
7032.342141	0.094980	0.611527	7639.410645
7032.343045	0.095054	0.611527	7725.339355
7032.343999	0.094969	0.611527	7815.940430
7033.336296	1.086075	0.666417	496.336456
7033.337183	1.528066	0.666417	1851.731323
7033.338112	1.518790	0.666417	3262.687500
7033.338985	1.479390	0.666417	4554.194824
7033.339985	1.437294	0.666417	5991.488770
7033.340919	0.976553	0.666417	6903.588867
7033.341791	0.118868	0.666417	7007.242187
7033.342698	0.094937	0.666417	7093.349609
7033.343659	0.094984	0.666417	7184.629395
7033.344577	0.094988	0.666417	7271.828125
7033.345440	0.095032	0.666417	7353.840332
7033.346360	0.094958	0.666417	7441.202148
7033.347300	0.095050	0.666417	7530.549316
7033.348230	0.095090	0.666417	7618.983398
7033.349107	0.094999	0.666417	7702.297363
7033.350069	0.094999	0.666417	7793.686035
7034.322901	1.044745	0.751156	456.553497
7034.323783	1.525594	0.751156	1802.127808
7034.324658	1.521581	0.751156	3133.510986
7034.325561	1.482180	0.751156	4471.919922
7034.326545	1.439798	0.751156	5888.681641
7034.327477	1.062843	0.751156	6879.251465
7034.328353	0.133510	0.751156	6996.205566
7034.329304	0.094904	0.751156	7086.458984
7034.330248	0.094889	0.751156	7176.034180
7034.331140	0.094984	0.751156	7260.760254
7034.332024	0.094944	0.751156	7344.690430
7034.333006	0.094991	0.751156	7437.972168
7034.333925	0.094955	0.751156	7525.235840
7034.334810	0.095017	0.751156	7609.326172
7034.335744	0.095013	0.751156	7698.068848
7034.336672	0.095028	0.751156	7786.254883
7035.361719	1.025830	0.655037	430.848602
7035.362708	1.530828	0.655037	1944.837158
7035.363606	1.517377	0.655037	3307.441406
7035.364531	1.477419	0.655037	4674.054687
7035.365397	1.438839	0.655037	5920.089355
7035.366405	0.947970	0.655037	6875.643066
7035.367324	0.113236	0.655037	6979.707031
7035.368192	0.094984	0.655037	7062.153320
7035.369099	0.095043	0.655037	7148.356934
7035.370053	0.094973	0.655037	7238.961426
7035.370973	0.094980	0.655037	7326.343262
7035.371847	0.095054	0.655037	7409.420410
7035.372803	0.094980	0.655037	7500.221680
7035.373753	0.095021	0.655037	7590.491211
7035.374680	0.095068	0.655037	7678.619629
7035.375541	0.094984	0.655037	7760.400879
7036.383703	1.045968	0.584751	473.823486
7036.384592	1.527546	0.584751	1831.812256
7036.385520	1.519915	0.584751	3242.292969
7036.386459	1.478181	0.584751	4630.305176
7036.387387	1.438118	0.584751	5964.878418
7036.388269	1.071764	0.584751	6910.174316
7036.389175	0.130100	0.584751	7028.044922
7036.390129	0.094904	0.584751	7118.583008
7036.391048	0.094988	0.584751	7205.876953
7036.391922	0.094977	0.584751	7288.886719
7036.392886	0.094977	0.584751	7380.444336
7036.393823	0.094980	0.584751	7469.440918
7036.394719	0.094948	0.584751	7554.513672
7036.395585	0.094962	0.584751	7636.750977
7036.396541	0.094980	0.584751	7727.552246
7036.397493	0.094980	0.584751	7817.973633
7037.370831	1.046536	0.758750	459.429138
7037.371705	1.525118	0.758750	1792.382568
7037.372681	1.518582	0.758750	3274.518066
7037.373607	1.477969	0.758750	4643.117187
7037.374495	1.439117	0.758750	5921.053711
7037.375386	1.069735	0.758750	6874.187500
7037.376337	0.125504	0.758750	6993.541992
7037.377285	0.094918	0.758750	7083.524414
7037.378158	0.094977	0.758750	7166.438965
7037.379070	0.095032	0.758750	7253.107910
7037.380020	0.095017	0.758750	7343.374023
7037.380949	0.094999	0.758750	7431.627930
7037.381829	0.094999	0.758750	7515.227051
7037.382755	0.094955	0.758750	7603.155273
7037.383692	0.094915	0.758750	7692.090332
7037.384619	0.094933	0.758750	7780.093262
7038.391733	1.037366	0.678655	434.656281
7038.392715	1.530048	0.678655	1937.162964
7038.393641	1.517010	0.678655	3341.914551
7038.394527	1.478145	0.678655	4651.550781
7038.395440	1.439282	0.678655	5965.615234
7038.396410	0.974114	0.678655	6910.505371
7038.397338	0.114441	0.678655	7016.706543
7038.398201	0.094922	0.678655	7098.624023
7038.399161	0.095039	0.678655	7189.861328
7038.400083	0.095010	0.678655	7277.460449
7038.401012	0.095046	0.678655	7365.758789
7038.401886	0.094999	0.678655	7448.787598
7038.402854	0.094962	0.678655	7540.710937
7038.403798	0.095046	0.678655	7630.434570
7038.404689	0.095024	0.678655	7715.101562
7038.405597	0.095079	0.678655	7801.433594
7039.430624	1.078286	0.546514	486.307068
7039.431509	1.527521	0.546514	1838.162842
7039.432442	1.519010	0.546514	3255.399170
7039.433407	1.477262	0.546514	4680.957031
7039.434327	1.437579	0.546514	6003.529785
7039.435196	1.036476	0.546514	6904.227051
7039.436143	0.120227	0.546514	7018.082031
7039.437089	0.094944	0.546514	7107.898926
7039.437980	0.095054	0.546514	7192.591797
7039.438867	0.094984	0.546514	7276.842773
7039.439816	0.094988	0.546514	7366.986328
7039.440762	0.095010	0.546514	7456.865723
7039.441649	0.095002	0.546514	7541.132812
7039.442575	0.094951	0.546514	7629.057617
7039.443513	0.095043	0.546514	7718.207520
7039.444443	0.095035	0.546514	7806.590332
7040.408095	1.083937	0.695533	567.982910
7040.409060	1.532457	0.695533	2046.804199
7040.409985	1.513704	0.695533	3446.979980
7040.410849	1.474867	0.695533	4721.265137
7040.411869	1.431464	0.695533	6181.357910
7040.412777	0.810066	0.695533	6916.897949
7040.413687	0.102957	0.695533	7010.588379
7040.414563	0.094944	0.695533	7093.759277
7040.415518	0.095002	0.695533	7184.486816
7040.416468	0.094962	0.695533	7274.700684
7040.417357	0.095021	0.695533	7359.174316
7040.418344	0.095017	0.695533	7452.956055
7040.419258	0.095046	0.695533	7539.828613
7040.420175	0.094962	0.695533	7626.908691
7040.421045	0.095076	0.695533	7709.624512
7040.421994	0.095057	0.695533	7799.833984
7041.439710	1.080868	0.626073	493.956635
7041.440609	1.528583	0.626073	1868.152588
7041.441628	1.515707	0.626073	3412.657715
7041.442533	1.474508	0.626073	4747.087402
7041.443454	1.435349	0.626073	6069.043945
7041.444327	0.938408	0.626073	6888.274414
7041.445379	0.103608	0.626073	6997.270508
7041.446262	0.094882	0.626073	7081.050781
7041.447131	0.095050	0.626073	7163.649414
7041.448112	0.095127	0.626073	7256.968750
7041.449040	0.095076	0.626073	7345.199219
7041.449949	0.094991	0.626073	7431.546387
7041.450824	0.095035	0.626073	7514.702148
7041.451852	0.095024	0.626073	7612.387207
7041.452740	0.094984	0.626073	7696.732910
7041.453653	0.095076	0.626073	7783.537109
7042.462166	1.053051	0.571392	459.130035
7042.463057	1.526902	0.571392	1819.599487
7042.463929	1.521592	0.571392	3146.427490
7042.464872	1.481462	0.571392	4543.446289
7042.465826	1.439019	0.571392	5916.270020
7042.466761	1.043445	0.571392	6891.891113
7042.467621	0.130236	0.571392	7003.893555
7042.468648	0.094882	0.571392	7101.336914
7042.469530	0.095050	0.571392	7185.170898
7042.470446	0.095094	0.571392	7272.276855
7042.471309	0.095006	0.571392	7354.267090
7042.472268	0.094969	0.571392	7445.342773
7042.473188	0.094973	0.571392	7532.718262
7042.474073	0.095043	0.571392	7616.831055
7042.475018	0.095061	0.571392	7706.663574
7042.475946	0.095010	0.571392	7794.832520
7043.448341	1.105078	0.725818	572.430481
7043.449238	1.529810	0.725818	1944.669678
7043.450158	1.516534	0.725818	3339.881348
7043.451030	1.477844	0.725818	4628.561523
7043.452002	1.436382	0.725818	6024.724609
7043.452937	0.907947	0.725818	6873.654785
7043.453867	0.108241	0.725818	6974.318848
7043.454748	0.094896	0.725818	7057.922363
7043.455708	0.094962	0.725818	7149.085937
7043.456659	0.094988	0.725818	7239.419434
7043.457548	0.095010	0.725818	7323.883301
7043.458455	0.094969	0.725818	7410.020508
7043.459409	0.094995	0.725818	7500.645996
7043.460333	0.094995	0.725818	7588.421387
7043.461202	0.094962	0.725818	7670.943359
7043.462162	0.094958	0.725818	7762.103516
7044.492270	1.093301	0.570724	502.918365
7044.493202	1.529872	0.570724	1928.758911
7044.494077	1.518893	0.570724	3257.790039
7044.495013	1.477595	0.570724	4640.819336
7044.495959	1.436642	0.570724	5999.882324
7044.496895	0.970353	0.570724	6908.132324
7044.497768	0.117667	0.570724	7010.855957
7044.498743	0.094940	0.570724	7103.422852
7044.499690	0.094977	0.570724	7193.365723
7044.500575	0.095021	0.570724	7277.458984
7044.501460	0.094918	0.570724	7361.461426
7044.502414	0.094929	0.570724	7452.023926
7044.503364	0.094940	0.570724	7542.217285
7044.504241	0.094951	0.570724	7625.489258
7044.505153	0.094951	0.570724	7712.084961
7044.506103	0.094918	0.570724	7802.257324
7045.485026	1.069131	0.677688	478.970642
7045.485908	1.526561	0.677688	1825.397705
7045.486779	1.521339	0.677688	3150.483887
7045.487779	1.478232	0.677688	4628.716309
7045.488704	1.437272	0.677688	5958.192383
7045.489630	1.014822	0.677688	6897.917480
7045.490493	0.125530	0.677688	7006.249512
7045.491529	0.094973	0.677688	7104.641602
7045.492429	0.094966	0.677688	7190.110840
7045.493304	0.094933	0.677688	7273.177246
7045.494259	0.095043	0.677688	7363.942871
7045.495220	0.094929	0.677688	7455.169922
7045.496139	0.094991	0.677688	7542.467285
7045.497003	0.094874	0.677688	7624.438477
7045.498048	0.095035	0.677688	7723.750488
7045.498922	0.094958	0.677688	7806.744141
7046.503358	1.033081	0.614004	441.125610
7046.504350	1.526818	0.614004	1955.728760
7046.505277	1.515886	0.614004	3360.955078
7046.506201	1.475709	0.614004	4724.510254
7046.507070	1.437063	0.614004	5973.317871
7046.508127	0.826436	0.614004	6846.860352
7046.509009	0.105795	0.614004	6940.171387
7046.509873	0.094907	0.614004	7022.171387
7046.510850	0.095024	0.614004	7115.010254
7046.511799	0.095039	0.614004	7205.202148
7046.512706	0.095010	0.614004	7291.375977
7046.513579	0.094991	0.614004	7374.303711
7046.514612	0.095090	0.614004	7472.532227
7046.515505	0.095035	0.614004	7557.398926
7046.516376	0.094991	0.614004	7640.136719
7046.517268	0.095065	0.614004	7724.934570
7047.525308	1.044598	0.554220	442.909698
7047.526236	1.528352	0.554220	1861.220337
7047.527102	1.519361	0.554220	3176.987305
7047.528165	1.474750	0.554220	4744.646484
7047.529053	1.436572	0.554220	6020.322754
7047.529929	1.036066	0.554220	6927.916504
7047.530938	0.120377	0.554220	7049.376953
7047.531830	0.094856	0.554220	7133.988281
7047.532754	0.094944	0.554220	7221.716309
7047.533628	0.094948	0.554220	7304.700195
7047.534656	0.094893	0.554220	7402.250000
7047.535548	0.094955	0.554220	7486.949707
7047.536464	0.094988	0.554220	7573.958496
7047.537328	0.095017	0.554220	7656.053223
7047.538326	0.095002	0.554220	7750.865723
7047.539248	0.094969	0.554220	7838.427734
7048.517653	1.101178	0.702063	554.993652
7048.518528	1.529579	0.702063	1893.375122
7048.519403	1.519120	0.702063	3222.604980
7048.520454	1.473358	0.702063	4771.104492
7048.521422	1.431464	0.702063	6156.761230
7048.522315	0.858457	0.702063	6923.363281
7048.523173	0.108574	0.702063	7016.520020
7048.524278	0.094988	0.702063	7121.481445
7048.525182	0.094889	0.702063	7207.261230
7048.526053	0.094940	0.702063	7289.954102
7048.527058	0.095002	0.702063	7385.431641
7048.528047	0.094988	0.702063	7479.374512
7048.528934	0.094962	0.702063	7563.605957
7048.529794	0.094999	0.702063	7645.304687
7048.530860	0.095002	0.702063	7746.577148
7048.531770	0.094999	0.702063	7833.025879
7049.560098	1.105327	0.542832	584.718079
7049.561117	1.534504	0.542832	2148.377930
7049.562006	1.512451	0.542832	3492.947021
7049.562874	1.473094	0.542832	4771.592773
7049.563957	1.427864	0.542832	6317.969238
7049.564888	0.651061	0.542832	6924.106934
7049.565755	0.099346	0.542832	7010.239746
7049.566712	0.095017	0.542832	7101.170898
7049.567726	0.094915	0.542832	7197.414062
7049.568619	0.094915	0.542832	7282.172852
7049.569484	0.094969	0.542832	7364.321289
7049.570525	0.095006	0.542832	7463.222656
7049.571466	0.094948	0.542832	7552.568359
7049.572345	0.094980	0.542832	7636.056152
7049.573273	0.094940	0.542832	7724.160645
7049.574337	0.094988	0.542832	7825.227539
7050.541031	1.080700	0.723909	505.767395
7050.541912	1.527612	0.723909	1851.593750
7050.542882	1.517102	0.723909	3323.182861
7050.543919	1.471813	0.723909	4849.452637
7050.544840	1.431826	0.723909	6168.164551
7050.545712	0.872988	0.723909	6929.410156
7050.546791	0.100613	0.723909	7037.971191
7050.547791	0.094958	0.723909	7132.929687
7050.548665	0.094999	0.723909	7215.958496
7050.549672	0.095032	0.723909	7311.655273
7050.550733	0.095006	0.723909	7412.456543
7050.551629	0.095024	0.723909	7497.598633
7050.552486	0.094999	0.723909	7579.012695
7050.553545	0.095079	0.723909	7679.701660
7050.554531	0.095006	0.723909	7773.377930
7050.555417	0.095017	0.723909	7857.562988
7051.588541	1.028331	0.508534	432.927460
7051.589511	1.525686	0.508534	1912.842896
7051.590563	1.512107	0.508534	3503.579346
7051.591484	1.471080	0.508534	4858.444336
7051.592355	1.432280	0.508534	6105.960449
7051.593476	0.614249	0.508534	6794.533691
7051.594453	0.096372	0.508534	6888.688965
7051.595322	0.094951	0.508534	6971.201660
7051.596393	0.094969	0.508534	7072.914062
7051.597441	0.095017	0.508534	7172.492187
7051.598328	0.094980	0.508534	7256.739746
7051.599224	0.095083	0.508534	7341.934082
7051.600311	0.095024	0.508534	7445.225586
7051.601253	0.095043	0.508534	7534.755859
7051.602118	0.094973	0.508534	7616.907715
7051.603153	0.095021	0.508534	7715.254395
7052.569578	1.073793	0.712227	487.501892
7052.570459	1.526836	0.712227	1832.644287
7052.571328	1.521233	0.712227	3154.595703
7052.572241	1.480888	0.712227	4506.645996
7052.573204	1.439788	0.712227	5893.161621
7052.574130	1.075543	0.712227	6889.114746
7052.574998	0.135469	0.712227	7006.701660
7052.576072	0.094995	0.712227	7108.726562
7052.577127	0.094988	0.712227	7208.938477
7052.578046	0.094988	0.712227	7296.232422
7052.578911	0.094995	0.712227	7378.403320
7052.579980	0.094988	0.712227	7479.945312
7052.580980	0.094922	0.712227	7574.867187
7052.581874	0.094973	0.712227	7659.772949
7052.582880	0.095116	0.712227	7755.459473
7052.583935	0.095021	0.712227	7855.706543
7053.613043	1.081805	0.494935	505.203156
7053.613934	1.528733	0.494935	1867.304077
7053.614800	1.520244	0.494935	3183.835449
7053.615782	1.478870	0.494935	4636.085449
7053.616740	1.437697	0.494935	6013.398926
7053.617615	1.020879	0.494935	6906.667969
7053.618495	0.125958	0.494935	7017.511230
7053.619460	0.094893	0.494935	7109.082520
7053.620401	0.094955	0.494935	7198.435059
7053.621289	0.094962	0.494935	7282.761230
7053.622267	0.094926	0.494935	7375.598633
7053.623321	0.095083	0.494935	7475.815918
7053.624275	0.094929	0.494935	7566.378418
7053.625141	0.095017	0.494935	7648.663086
7053.626194	0.094999	0.494935	7748.696777
7053.627252	0.095046	0.494935	7849.255859
7054.602226	1.083812	0.699819	508.307953
7054.603118	1.528656	0.699819	1871.869141
7054.603991	1.519299	0.699819	3198.217285
7054.604964	1.477888	0.699819	4636.202637
7054.605920	1.436741	0.699819	6009.726562
7054.606823	0.999386	0.699819	6912.171875
7054.607733	0.123208	0.699819	7024.291016
7054.608673	0.094889	0.699819	7113.486816
7054.609605	0.094937	0.699819	7201.967773
7054.610480	0.094977	0.699819	7285.072266
7054.611389	0.094955	0.699819	7371.386230
7054.612338	0.094937	0.699819	7461.480957
7054.613261	0.094926	0.699819	7549.097168
7054.614137	0.095024	0.699819	7632.338379
7054.615102	0.095010	0.699819	7724.022949
7054.616017	0.094944	0.699819	7810.896484
7055.628279	1.064216	0.519701	501.245911
7055.629204	1.530084	0.519701	1916.573730
7055.630096	1.518193	0.519701	3270.802246
7055.630983	1.479239	0.519701	4582.887695
7055.631933	1.437850	0.519701	5948.845703
7055.632884	0.980186	0.519701	6881.001953
7055.633775	0.118700	0.519701	6986.763672
7055.634702	0.094904	0.519701	7074.739258
7055.635653	0.094966	0.519701	7165.051758
7055.636577	0.094977	0.519701	7252.810547
7055.637438	0.094918	0.519701	7334.535156
7055.638373	0.094852	0.519701	7423.222168
7055.639333	0.094904	0.519701	7514.329590
7055.640222	0.094911	0.519701	7598.705566
7055.641309	0.094940	0.519701	7701.905762
7055.642269	0.094995	0.519701	7793.101074
7056.643004	1.028617	0.545410	435.105011
7056.643927	1.524514	0.545410	1842.231567
7056.644858	1.518113	0.545410	3255.594727
7056.645813	1.476965	0.545410	4666.096680
7056.646706	1.438685	0.545410	5950.842773
7056.647647	0.993805	0.545410	6886.013184
7056.648602	0.116136	0.545410	6996.923340
7056.649522	0.094926	0.545410	7084.254883
7056.650381	0.094969	0.545410	7165.833496
7056.651334	0.095039	0.545410	7256.405762
7056.652256	0.095006	0.545410	7344.001465
7056.653178	0.095006	0.545410	7431.597168
7056.654041	0.094948	0.545410	7513.537109
7056.655005	0.094991	0.545410	7605.108887
7056.655950	0.094995	0.545410	7694.879395
7056.656839	0.094999	0.545410	7779.333496
7057.639366	1.032642	0.609110	443.003204
7057.640240	1.524027	0.609110	1775.002808
7057.641207	1.518329	0.609110	3243.226562
7057.642131	1.478357	0.609110	4609.228516
7057.643020	1.440066	0.609110	5889.447266
7057.643939	1.071647	0.609110	6874.290527
7057.644895	0.124830	0.609110	6993.628418
7057.645823	0.094849	0.609110	7081.647949
7057.646690	0.094973	0.609110	7163.989746
7057.647650	0.094933	0.609110	7255.125488
7057.648578	0.094962	0.609110	7343.250488
7057.649490	0.094966	0.609110	7429.859375
7057.650349	0.094904	0.609110	7511.381348
7057.651299	0.094896	0.609110	7601.532715
7057.652242	0.094937	0.609110	7691.057617
7057.653129	0.094962	0.609110	7775.289062
7058.680303	1.064810	0.501453	507.914154
7058.681231	1.530645	0.501453	1928.352295
7058.682160	1.517054	0.501453	3337.695801
7058.683040	1.477815	0.501453	4638.172852
7058.683991	1.436928	0.501453	6004.690918
7058.684927	0.937559	0.501453	6882.245605
7058.685847	0.111449	0.501453	6984.778809
7058.686710	0.094933	0.501453	7066.706055
7058.687689	0.094991	0.501453	7159.702637
7058.688637	0.094944	0.501453	7249.709473
7058.689507	0.095032	0.501453	7332.387207
7058.690394	0.095002	0.501453	7416.654297
7058.691339	0.094991	0.501453	7506.421387
7058.692266	0.095010	0.501453	7594.495605
7058.693128	0.094951	0.501453	7676.343750
7058.694101	0.094958	0.501453	7768.738281
7059.664839	1.039665	0.667089	454.333801
7059.665704	1.523969	0.667089	1772.566650
7059.666758	1.515428	0.667089	3369.828125
7059.667655	1.476017	0.667089	4693.815430
7059.668533	1.438187	0.667089	5956.543945
7059.669519	0.923925	0.667089	6867.533691
7059.670473	0.108003	0.667089	6970.568359
7059.671392	0.094885	0.667089	7057.768066
7059.672250	0.094973	0.667089	7139.254883
7059.673251	0.095032	0.667089	7234.381836
7059.674149	0.094922	0.667089	7319.621582
7059.675020	0.094988	0.667089	7402.355957
7059.675903	0.094995	0.667089	7486.236816
7059.676943	0.094922	0.667089	7584.955566
7059.677846	0.094955	0.667089	7670.699707
7059.678725	0.094969	0.667089	7754.177734
7060.694970	1.026526	0.503378	431.140869
7060.695871	1.523712	0.503378	1804.005493
7060.696866	1.516739	0.503378	3313.161133
7060.697794	1.476467	0.503378	4683.322754
7060.698675	1.438506	0.503378	5950.646484
7060.699699	0.891086	0.503378	6863.119141
7060.700600	0.108387	0.503378	6960.776367
7060.701522	0.094948	0.503378	7048.317871
7060.702383	0.095043	0.503378	7130.149414
7060.703434	0.094940	0.503378	7229.931641
7060.704307	0.094995	0.503378	7312.862305
7060.705214	0.094944	0.503378	7398.976562
7060.706091	0.094991	0.503378	7482.284180
7060.707089	0.095039	0.503378	7577.133301
7060.708012	0.094988	0.503378	7664.807129
7060.708890	0.094984	0.503378	7748.203125
7061.711802	1.028599	0.562498	432.011444
7061.712780	1.526019	0.562498	1924.458252
7061.713724	1.515861	0.562498	3355.430664
7061.714647	1.475695	0.562498	4717.497070
7061.715517	1.437015	0.562498	5967.700195
7061.716553	0.860339	0.562498	6859.011719
7061.717438	0.107747	0.562498	6954.367676
7061.718355	0.094911	0.562498	7041.400879
7061.719212	0.095039	0.562498	7122.849121
7061.720187	0.094944	0.562498	7215.419434
7061.721110	0.094918	0.562498	7303.028809
7061.721996	0.095017	0.562498	7387.213867
7061.722879	0.094999	0.562498	7471.097656
7061.723848	0.094871	0.562498	7563.027344
7061.724775	0.095002	0.562498	7651.094727
7061.725640	0.095002	0.562498	7733.271973
7062.700492	1.041445	0.647060	455.111572
7062.701365	1.524800	0.647060	1786.261841
7062.702258	1.520090	0.647060	3143.702637
7062.703289	1.476768	0.647060	4666.250000
7062.704175	1.438502	0.647060	5940.762695
7062.705046	1.094213	0.647060	6893.821777
7062.706040	0.131005	0.647060	7024.040527
7062.706947	0.094893	0.647060	7110.107910
7062.707861	0.095032	0.647060	7196.966797
7062.708733	0.094991	0.647060	7279.799316
7062.709764	0.095021	0.647060	7377.765625
7062.710654	0.094940	0.647060	7462.262207
7062.711530	0.094951	0.647060	7545.439453
7062.712486	0.095017	0.647060	7636.275879
7062.713459	0.095050	0.647060	7728.759766
7062.714380	0.095010	0.647060	7816.263672
7063.746091	1.129435	0.445226	592.953247
7063.746989	1.532194	0.445226	1968.863159
7063.747926	1.515333	0.445226	3388.730469
7063.748798	1.475164	0.445226	4675.073242
7063.749854	1.431500	0.445226	6186.737305
7063.750761	0.816658	0.445226	6927.445801
7063.751636	0.105304	0.445226	7019.586914
7063.752646	0.094874	0.445226	7115.410156
7063.753568	0.094948	0.445226	7202.951660
7063.754490	0.094969	0.445226	7290.513672
7063.755346	0.094995	0.445226	7371.829590
7063.756367	0.094988	0.445226	7468.812012
7063.757256	0.094893	0.445226	7553.171387
7063.758128	0.094995	0.445226	7636.007324
7063.759088	0.095013	0.445226	7727.220215
7063.760039	0.094911	0.445226	7817.480469
7064.741351	1.057522	0.594406	486.460083
7064.742241	1.527173	0.594406	1845.644043
7064.743104	1.520720	0.594406	3158.025391
7064.744064	1.479679	0.594406	4578.517090
7064.745009	1.438158	0.594406	5937.576172
7064.745924	1.040742	0.594406	6889.855469
7064.746786	0.129489	0.594406	7001.474609
7064.747757	0.094882	0.594406	7093.604492
7064.748703	0.094988	0.594406	7183.462891
7064.749589	0.094948	0.594406	7267.586426
7064.750497	0.094980	0.594406	7353.828613
7064.751451	0.095054	0.594406	7444.509766
7064.752371	0.095017	0.594406	7531.925293
7064.753233	0.095035	0.594406	7613.845703
7064.754168	0.094951	0.594406	7702.625000
7064.755097	0.095006	0.594406	7790.885742
7065.745855	1.032184	0.567944	440.742462
7065.746721	1.523767	0.567944	1760.324707
7065.747688	1.519460	0.567944	3229.643066
7065.748637	1.477998	0.567944	4632.263184
7065.749549	1.438407	0.567944	5944.090332
7065.750414	1.054138	0.567944	6855.919922
7065.751388	0.122831	0.567944	6975.557129
7065.752331	0.094915	0.567944	7065.061523
7065.753217	0.094907	0.567944	7149.149414
7065.754146	0.094995	0.567944	7237.399902
7065.755094	0.094951	0.567944	7327.413574
7065.756004	0.094991	0.567944	7413.855957
7065.756872	0.095002	0.567944	7496.317871
7065.757798	0.094922	0.567944	7584.215332
7065.758738	0.094958	0.567944	7673.476562
7065.759655	0.094933	0.567944	7760.529785
7066.783671	1.027896	0.465693	432.744049
7066.784656	1.525649	0.465693	1935.508667
7066.785721	1.511118	0.465693	3544.849609
7066.786634	1.470469	0.465693	4887.387695
7066.787501	1.431669	0.465693	6128.644531
7066.788589	0.635889	0.465693	6820.491211
7066.789571	0.096625	0.465693	6915.376953
7066.790464	0.095028	0.465693	7000.236816
7066.791461	0.095046	0.465693	7094.998047
7066.792502	0.095061	0.465693	7193.956543
7066.793383	0.094991	0.465693	7277.644043
7066.794242	0.095046	0.465693	7359.289062
7066.795326	0.095065	0.465693	7462.339355
7066.796290	0.095065	0.465693	7553.981934
7066.797147	0.095076	0.465693	7635.461914
7066.798207	0.095083	0.465693	7736.250000
7067.781153	1.093546	0.613654	579.579468
7067.782197	1.533376	0.613654	2180.424316
7067.783114	1.509946	0.613654	3565.044922
7067.783978	1.470644	0.613654	4835.681641
7067.785053	1.425938	0.613654	6368.564453
7067.786063	0.487570	0.613654	6861.009766
7067.786937	0.096456	0.613654	6945.312500
7067.787915	0.095043	0.613654	7038.264160
7067.788954	0.095039	0.613654	7137.009766
7067.789863	0.094984	0.613654	7223.350586
7067.790730	0.094962	0.613654	7305.682617
7067.791823	0.095024	0.613654	7409.544434
7067.792817	0.094933	0.613654	7503.907715
7067.793712	0.095028	0.613654	7588.958008
7067.794699	0.095046	0.613654	7682.768555
7067.795744	0.095010	0.613654	7782.053711
7068.784614	1.065256	0.571763	487.887421
7068.785506	1.528341	0.571763	1851.167725
7068.786376	1.520270	0.571763	3173.802246
7068.787357	1.478756	0.571763	4624.461914
7068.788311	1.437671	0.571763	5996.000000
7068.789207	1.019070	0.571763	6909.086426
7068.790090	0.126562	0.571763	7020.841309
7068.791034	0.094977	0.571763	7110.499512
7068.791977	0.094991	0.571763	7200.076660
7068.792849	0.095021	0.571763	7282.934570
7068.793759	0.095010	0.571763	7369.393555
7068.794708	0.094980	0.571763	7459.529785
7068.795630	0.094944	0.571763	7547.067871
7068.796507	0.094918	0.571763	7630.311035
7068.797472	0.095024	0.571763	7722.009766
7068.798391	0.095024	0.571763	7809.337402
7069.827066	1.108799	0.412487	533.332275
7069.828000	1.531494	0.412487	1963.747803
7069.828935	1.515579	0.412487	3380.813965
7069.829821	1.475823	0.412487	4688.392578
7069.830806	1.434163	0.412487	6101.042969
7069.831770	0.837297	0.412487	6908.197754
7069.832656	0.104791	0.412487	7001.042969
7069.833560	0.094951	0.412487	7086.878906
7069.834503	0.095021	0.412487	7176.483398
7069.835432	0.094988	0.412487	7264.727051
7069.836307	0.095039	0.412487	7347.886230
7069.837235	0.094896	0.412487	7435.949707
7069.838176	0.094995	0.412487	7525.340332
7069.839073	0.095017	0.412487	7610.570801
7069.839946	0.095024	0.412487	7693.527344
7069.840892	0.094995	0.412487	7783.392578
7070.819254	1.035948	0.582128	433.026428
7070.820237	1.529099	0.582128	1936.130859
7070.821192	1.515666	0.582128	3383.592285
7070.822083	1.476185	0.582128	4698.873535
7070.823010	1.436873	0.582128	6030.854492
7070.823987	0.915388	0.582128	6925.188477
7070.824901	0.109193	0.582128	7024.991211
7070.825758	0.094977	0.582128	7106.386230
7070.826711	0.094911	0.582128	7196.836426
7070.827672	0.094940	0.582128	7288.073730
7070.828590	0.094973	0.582128	7375.259277
7070.829460	0.094958	0.582128	7457.873047
7070.830428	0.095032	0.582128	7549.863770
7070.831370	0.095043	0.582128	7639.394043
7070.832264	0.094977	0.582128	7724.303223
7070.833133	0.094988	0.582128	7806.847656
7071.825344	1.029635	0.558707	434.506012
7071.826207	1.523408	0.558707	1749.207397
7071.827185	1.519113	0.558707	3234.899414
7071.828113	1.478654	0.558707	4607.089844
7071.829000	1.440428	0.558707	5884.750000
7071.829934	1.061495	0.558707	6876.186523
7071.830891	0.125863	0.558707	6996.637207
7071.831817	0.094863	0.558707	7084.480469
7071.832677	0.094933	0.558707	7166.122559
7071.833618	0.094878	0.558707	7255.402832
7071.834552	0.094922	0.558707	7344.060059
7071.835454	0.094966	0.558707	7429.719238
7071.836315	0.094871	0.558707	7511.402832
7071.837284	0.094969	0.558707	7603.428223
7071.838208	0.094889	0.558707	7691.105469
7071.839069	0.094900	0.558707	7772.814453
7072.862152	1.043793	0.425934	454.049835
7072.863014	1.524873	0.425934	1768.490356
7072.864004	1.518713	0.425934	3272.016602
7072.864944	1.477181	0.425934	4660.566895
7072.865841	1.438451	0.425934	5950.857422
7072.866767	1.016345	0.425934	6891.993164
7072.867723	0.115675	0.425934	7002.578613
7072.868608	0.094929	0.425934	7086.590820
7072.869493	0.094911	0.425934	7170.586914
7072.870436	0.094958	0.425934	7260.132812
7072.871375	0.094984	0.425934	7349.322754
7072.872258	0.094922	0.425934	7433.138672
7072.873179	0.095006	0.425934	7520.639160
7072.874125	0.094955	0.425934	7610.466309
7072.875027	0.094980	0.425934	7696.138672
7072.875901	0.095032	0.425934	7779.196289
7073.864634	1.026511	0.545559	431.134705
7073.865527	1.523617	0.545559	1791.724609
7073.866484	1.518248	0.545559	3244.688232
7073.867415	1.478064	0.545559	4620.765625
7073.868302	1.439960	0.545559	5898.009766
7073.869233	1.037878	0.545559	6864.274414
7073.870190	0.121780	0.545559	6980.817871
7073.871112	0.094944	0.545559	7068.355957
7073.871972	0.094911	0.545559	7149.979492
7073.872939	0.094973	0.545559	7241.818359
7073.873849	0.094948	0.545559	7328.220703
7073.874762	0.094991	0.545559	7414.947754
7073.875631	0.094973	0.545559	7497.479492
7073.876596	0.094966	0.545559	7589.121582
7073.877540	0.094999	0.545559	7678.800293
7073.878429	0.094988	0.545559	7763.244629
7074.862062	1.054984	0.559565	502.172424
7074.863024	1.529725	0.559565	1973.768066
7074.863956	1.515176	0.559565	3385.911865
7074.864827	1.476768	0.559565	4672.176758
7074.865771	1.435829	0.559565	6027.599121
7074.866726	0.890801	0.559565	6878.313965
7074.867643	0.107406	0.559565	6976.805176
7074.868517	0.094911	0.559565	7059.757324
7074.869474	0.095024	0.559565	7150.695801
7074.870403	0.094984	0.559565	7238.936035
7074.871276	0.094999	0.559565	7321.870117
7074.872240	0.095006	0.559565	7413.456055
7074.873177	0.095065	0.559565	7502.531738
7074.874097	0.095094	0.559565	7590.018066
7074.874959	0.094962	0.559565	7671.875488
7074.875925	0.094991	0.559565	7763.637207
7075.905990	1.040325	0.401240	444.218628
7075.906868	1.524994	0.401240	1783.163208
7075.907731	1.522324	0.401240	3096.928955
7075.908699	1.480983	0.401240	4530.520020
7075.909634	1.440754	0.401240	5877.625488
7075.910526	1.122858	0.401240	6879.214355
7075.911393	0.147415	0.401240	7007.022949
7075.912402	0.094889	0.401240	7102.765625
7075.913326	0.094937	0.401240	7190.486816
7075.914201	0.094896	0.401240	7273.520996
7075.915104	0.094940	0.401240	7359.251953
7075.916052	0.094955	0.401240	7449.269043
7075.916974	0.094926	0.401240	7536.790527
7075.917833	0.094948	0.401240	7618.350586
7075.918766	0.094940	0.401240	7706.929687
7075.919722	0.094948	0.401240	7797.699707
7076.900281	1.028042	0.556983	437.945862
7076.901270	1.526451	0.556983	1947.606445
7076.902206	1.515384	0.556983	3366.006348
7076.903123	1.475424	0.556983	4718.969727
7076.903992	1.436924	0.556983	5967.656738
7076.905047	0.833782	0.556983	6847.296387
7076.905927	0.106161	0.556983	6940.717773
7076.906850	0.094852	0.556983	7028.266602
7076.907713	0.094988	0.556983	7110.241211
7076.908703	0.094933	0.556983	7204.224609
7076.909601	0.094933	0.556983	7289.474121
7076.910479	0.094944	0.556983	7372.834961
7076.911524	0.094995	0.556983	7472.104980
7076.912420	0.094885	0.556983	7557.122070
7076.913332	0.094849	0.556983	7643.624023
7076.914204	0.094940	0.556983	7726.412109
7077.905350	1.043423	0.530847	452.845490
7077.906224	1.525060	0.530847	1785.747681
7077.907088	1.522020	0.530847	3100.773193
7077.908141	1.477852	0.530847	4656.950684
7077.909041	1.438268	0.530847	5951.391602
7077.909928	1.075953	0.530847	6905.762207
7077.910846	0.137051	0.530847	7031.574707
7077.911851	0.094882	0.530847	7126.930664
7077.912761	0.095046	0.530847	7213.422852
7077.913634	0.094973	0.530847	7296.334473
7077.914640	0.095101	0.530847	7392.006348
7077.915529	0.094999	0.530847	7476.460449
7077.916426	0.094922	0.530847	7561.605469
7077.917308	0.094863	0.530847	7645.274902
7077.918240	0.094918	0.530847	7733.738770
7077.919181	0.094962	0.530847	7823.098145
7078.942153	1.052596	0.426893	458.932037
7078.943031	1.526184	0.426893	1798.921631
7078.943897	1.520731	0.426893	3115.875000
7078.944941	1.477317	0.426893	4658.193848
7078.945822	1.438755	0.426893	5925.736816
7078.946754	1.045715	0.426893	6900.343750
7078.947618	0.131005	0.426893	7013.531738
7078.948583	0.094900	0.426893	7105.110352
7078.949504	0.094984	0.426893	7192.590820
7078.950385	0.094980	0.426893	7276.268555
7078.951414	0.094937	0.426893	7373.958008
7078.952310	0.094966	0.426893	7459.047363
7078.953232	0.095002	0.426893	7546.639648
7078.954096	0.095010	0.426893	7628.728027
7078.955053	0.095028	0.426893	7719.669922
7078.955999	0.095013	0.426893	7809.552734
7079.938036	1.091396	0.557269	522.778870
7079.938914	1.528283	0.557269	1864.610840
7079.939790	1.520160	0.557269	3196.270996
7079.940745	1.479375	0.557269	4609.074219
7079.941719	1.437019	0.557269	6008.730469
7079.942648	0.973861	0.557269	6913.447266
7079.943508	0.120095	0.557269	7016.729004
7079.944549	0.094977	0.557269	7115.600098
7079.945429	0.095006	0.557269	7199.205566
7079.946307	0.095021	0.557269	7282.633789
7079.947164	0.095054	0.557269	7364.094727
7079.948223	0.094955	0.557269	7464.651855
7079.949121	0.094948	0.557269	7549.914551
7079.949995	0.094984	0.557269	7632.930664
7079.950995	0.094991	0.557269	7727.921875
7079.951919	0.094958	0.557269	7815.663574
7080.946619	1.026995	0.481670	434.418701
7080.947637	1.527502	0.481670	1989.416138
7080.948539	1.515912	0.481670	3356.768555
7080.949449	1.475640	0.481670	4699.600586
7080.950331	1.436653	0.481670	5966.728516
7080.951373	0.843882	0.481670	6846.053223
7080.952262	0.105938	0.481670	6940.231445
7080.953139	0.094929	0.481670	7023.484375
7080.954096	0.094984	0.481670	7114.384277
7080.955062	0.094991	0.481670	7206.145996
7080.955981	0.094977	0.481670	7293.429687
7080.956844	0.095061	0.481670	7375.467285
7080.957882	0.094991	0.481670	7474.068359
7080.958764	0.094966	0.481670	7557.828125
7080.959686	0.095002	0.481670	7645.420410
7080.960546	0.095017	0.481670	7727.135254
7081.985987	1.042958	0.418224	449.514801
7081.986850	1.524529	0.418224	1765.183228
7081.987917	1.515875	0.418224	3382.622070
7081.988799	1.476427	0.418224	4684.830566
7081.989674	1.438857	0.418224	5943.831055
7081.990670	0.928605	0.418224	6868.721191
7081.991586	0.109794	0.418224	6969.291992
7081.992500	0.094984	0.418224	7056.107422
7081.993377	0.094999	0.418224	7139.421387
7081.994392	0.094878	0.418224	7235.722656
7081.995295	0.094962	0.418224	7321.473633
7081.996167	0.095010	0.418224	7404.322266
7081.997088	0.094984	0.418224	7491.802734
7081.998081	0.095010	0.418224	7586.147461
7081.998963	0.095035	0.418224	7669.968750
7081.999831	0.094999	0.418224	7752.427734
7082.966493	1.056130	0.611784	484.763855
7082.967579	1.532435	0.611784	2148.988525
7082.968462	1.512418	0.611784	3484.453857
7082.969323	1.474237	0.611784	4753.771973
7082.970339	1.430336	0.611784	6206.993164
7082.971324	0.691772	0.611784	6888.389160
7082.972198	0.100104	0.611784	6975.879883
7082.973060	0.094937	0.611784	7057.715332
7082.974192	0.095061	0.611784	7165.324219
7082.975090	0.094948	0.611784	7250.586914
7082.975964	0.095002	0.611784	7333.619141
7082.976958	0.095054	0.611784	7428.102539
7082.977955	0.095013	0.611784	7522.831055
7082.978848	0.094973	0.611784	7607.642090
7082.979709	0.095039	0.611784	7689.470703
7082.980793	0.095024	0.611784	7792.477051
7084.000293	1.136528	0.419033	590.994751
7084.001254	1.533651	0.419033	2064.833496
7084.002134	1.515194	0.419033	3398.204102
7084.003007	1.474717	0.419033	4685.631836
7084.004125	1.429373	0.419033	6283.670410
7084.005029	0.733627	0.419033	6946.869141
7084.005891	0.101777	0.419033	7034.601074
7084.006946	0.095006	0.419033	7134.832520
7084.007927	0.094977	0.419033	7228.004883
7084.008802	0.095032	0.419033	7311.157715
7084.009669	0.095090	0.419033	7393.601074
7084.010780	0.095057	0.419033	7499.209961
7084.011664	0.095061	0.419033	7583.244141
7084.012521	0.095017	0.419033	7664.673828
7084.013592	0.095021	0.419033	7766.440918
7084.014533	0.095021	0.419033	7855.855469
7085.014479	1.036025	0.488977	456.887207
7085.015339	1.525111	0.488977	1768.482788
7085.016347	1.516974	0.488977	3297.592285
7085.017417	1.471754	0.488977	4872.369141
7085.018291	1.432943	0.488977	6124.761719
7085.019224	0.829138	0.488977	6898.347656
7085.020304	0.098683	0.488977	7004.925293
7085.021253	0.095054	0.488977	7095.131348
7085.022113	0.094988	0.488977	7176.820801
7085.023143	0.095116	0.488977	7274.790039
7085.024167	0.095013	0.488977	7372.083984
7085.025062	0.094969	0.488977	7457.081543
7085.025991	0.095072	0.488977	7545.403320
7085.027041	0.095153	0.488977	7645.313477
7085.027986	0.095090	0.488977	7735.173828
7085.028849	0.095072	0.488977	7817.221191
7086.009391	1.116072	0.525031	602.678711
7086.010454	1.533398	0.525031	2232.681152
7086.011363	1.509089	0.525031	3604.443359
7086.012229	1.469128	0.525031	4876.708496
7086.013312	1.424553	0.525031	6419.499512
7086.014308	0.459595	0.525031	6877.255859
7086.015180	0.096343	0.525031	6961.266602
7086.016155	0.095043	0.525031	7053.933105
7086.017219	0.095010	0.525031	7155.023437
7086.018110	0.095017	0.525031	7239.683594
7086.018972	0.094995	0.525031	7321.569336
7086.020052	0.095028	0.525031	7424.199707
7086.021021	0.094955	0.525031	7516.210937
7086.021885	0.095013	0.525031	7598.302734
7086.022964	0.095032	0.525031	7700.841797
7086.024006	0.094980	0.525031	7799.811523
7087.050255	1.105499	0.390448	551.644165
7087.051170	1.532120	0.390448	1953.534302
7087.052041	1.517336	0.390448	3275.134277
7087.053116	1.471051	0.390448	4856.514160
7087.054122	1.427662	0.390448	6292.742676
7087.055025	0.707922	0.390448	6931.996582
7087.056000	0.100093	0.390448	7029.586914
7087.057057	0.095010	0.390448	7130.012207
7087.057958	0.095006	0.390448	7215.612793
7087.058818	0.094995	0.390448	7297.308594
7087.059894	0.095061	0.390448	7399.594238
7087.060868	0.094995	0.390448	7492.119629
7087.061759	0.095043	0.390448	7576.802734
7087.062747	0.095149	0.390448	7670.810059
7087.063791	0.095013	0.390448	7770.003906
7087.064679	0.095068	0.390448	7854.424805
7088.035297	1.060562	0.561942	478.313263
7088.036249	1.529187	0.561942	1934.099243
7088.037187	1.516014	0.561942	3356.120850
7088.038051	1.476925	0.561942	4632.184082
7088.039011	1.435767	0.561942	6010.520020
7088.039966	0.910280	0.561942	6879.836914
7088.040865	0.109493	0.561942	6978.271484
7088.041778	0.094933	0.561942	7064.945312
7088.042740	0.094955	0.561942	7156.291992
7088.043644	0.094988	0.561942	7242.161133
7088.044532	0.094973	0.561942	7326.497070
7088.045469	0.094955	0.561942	7415.469727
7088.046423	0.094980	0.561942	7506.081055
7088.047342	0.094958	0.561942	7593.348145
7088.048204	0.095065	0.561942	7675.293945
7088.049270	0.095065	0.561942	7776.632812
7089.069040	1.053314	0.379504	495.057678
7089.069933	1.529191	0.379504	1860.625000
7089.070801	1.520541	0.379504	3180.454346
7089.071759	1.477881	0.379504	4596.264160
7089.072715	1.437070	0.379504	5970.103516
7089.073650	0.985049	0.379504	6891.124023
7089.074511	0.121582	0.379504	6995.806152
7089.075493	0.094893	0.379504	7088.990723
7089.076435	0.094933	0.379504	7178.417480
7089.077301	0.094969	0.379504	7260.661133
7089.078183	0.094926	0.379504	7344.385254
7089.079147	0.095002	0.379504	7435.967773
7089.080091	0.094904	0.379504	7525.556641
7089.080983	0.094980	0.379504	7610.279297
7089.081891	0.094999	0.379504	7696.538086
7089.082844	0.094955	0.379504	7787.030273
7090.072574	1.103518	0.470677	529.688660
7090.073466	1.529366	0.470677	1893.883545
7090.074405	1.517161	0.470677	3318.497314
7090.075361	1.475453	0.470677	4729.030273
7090.076288	1.435606	0.470677	6059.836426
7090.077160	0.991461	0.470677	6924.390625
7090.078111	0.114470	0.470677	7033.251953
7090.079043	0.094904	0.470677	7121.702148
7090.079957	0.094933	0.470677	7208.470703
7090.080820	0.094940	0.470677	7290.404297
7090.081782	0.095028	0.470677	7381.821289
7090.082726	0.094999	0.470677	7471.500000
7090.083611	0.095039	0.470677	7555.609375
7090.084525	0.095021	0.470677	7642.458496
7090.085475	0.094984	0.470677	7732.693359
7090.086394	0.095013	0.470677	7820.010742
7091.086279	1.043855	0.414091	456.164612
7091.087142	1.525027	0.414091	1772.262939
7091.088107	1.518585	0.414091	3237.697754
7091.089076	1.476819	0.414091	4668.735352
7091.089974	1.437993	0.414091	5960.053223
7091.090893	1.015569	0.414091	6893.360840
7091.091857	0.114858	0.414091	7004.084473
7091.092780	0.094948	0.414091	7091.721191
7091.093658	0.094984	0.414091	7175.117187
7091.094627	0.094966	0.414091	7267.139160
7091.095560	0.094988	0.414091	7355.762695
7091.096484	0.095046	0.414091	7443.585449
7091.097344	0.094984	0.414091	7525.271973
7091.098315	0.094988	0.414091	7617.504883
7091.099257	0.094926	0.414091	7706.924805
7091.100139	0.095006	0.414091	7790.720215
7092.107316	1.113076	0.432827	581.025757
7092.108271	1.532772	0.432827	2044.823242
7092.109202	1.513246	0.432827	3453.655273
7092.110071	1.474288	0.432827	4734.811523
7092.111017	1.434009	0.432827	6091.383789
7092.111948	0.841443	0.432827	6874.767090
7092.112877	0.104128	0.432827	6971.502441
7092.113755	0.094849	0.432827	7054.779297
7092.114717	0.095043	0.432827	7146.210449
7092.115632	0.095024	0.432827	7233.157715
7092.116506	0.095010	0.432827	7316.196289
7092.117471	0.094995	0.432827	7407.866699
7092.118409	0.094980	0.432827	7496.958496
7092.119315	0.095065	0.432827	7583.086914
7092.120184	0.094922	0.432827	7665.574219
7092.121142	0.094962	0.432827	7756.547852
