time (s)	coil I (A)	last det (V)	int current (uC)
4353.842684	1.110568	0.510480	518.635071
4353.843611	1.530883	0.510480	1937.763184
4353.844485	1.519241	0.510480	3265.579590
4353.845490	1.476522	0.510480	4749.484375
4353.846438	1.435734	0.510480	6110.559570
4353.847333	1.398307	0.510480	7362.043945
4353.848253	1.009570	0.510480	8290.848633
4353.849221	0.119363	0.510480	8406.391602
4353.850139	0.094783	0.510480	8493.402344
4353.851017	0.094878	0.510480	8576.705078
4353.851948	0.094878	0.510480	8665.036133
4353.852884	0.094915	0.510480	8753.875977
4353.853799	0.094900	0.510480	8840.708984
4353.854677	0.094896	0.510480	8924.028320
4353.855638	0.094915	0.510480	9015.241211
4353.856583	0.094860	0.510480	9104.883789
4353.857471	0.094878	0.510480	9189.135742
4354.913220	1.041907	0.604376	446.977966
4354.914091	1.525049	0.604376	1775.295410
4354.915064	1.520145	0.604376	3254.396729
4354.915984	1.480159	0.604376	4616.142578
4354.916868	1.441956	0.604376	5890.831055
4354.917782	1.404155	0.604376	7174.229004
4354.918742	1.111553	0.604376	8241.319336
4354.919675	0.139471	0.604376	8371.446289
4354.920537	0.094904	0.604376	8453.252930
4354.921505	0.094871	0.604376	8545.087891
4354.922451	0.094911	0.604376	8634.874023
4354.923356	0.094878	0.604376	8720.738281
4354.924233	0.094849	0.604376	8803.920898
4354.925191	0.094863	0.604376	8894.799805
4354.926141	0.094896	0.604376	8984.951172
4354.927029	0.094856	0.604376	9069.183594
4354.927942	0.094827	0.604376	9155.760742
4355.867580	1.028511	0.521038	437.117096
4355.868497	1.524386	0.521038	1834.979004
4355.869458	1.519197	0.521038	3294.927246
4355.870388	1.478763	0.521038	4670.177246
4355.871258	1.440784	0.521038	5923.659180
4355.872228	1.400940	0.521038	7282.570801
4355.873194	1.027339	0.521038	8274.980469
4355.874078	0.130580	0.521038	8390.413086
4355.874942	0.094830	0.521038	8472.346680
4355.875893	0.094882	0.521038	8562.579102
4355.876845	0.094918	0.521038	8652.941406
4355.877731	0.094915	0.521038	8737.036133
4355.878712	0.095046	0.521038	8830.276367
4355.879763	0.094958	0.521038	8930.078125
4355.880728	0.094918	0.521038	9021.673828
4355.881595	0.094915	0.521038	9103.964844
4355.882636	0.094940	0.521038	9202.797852
4356.939237	1.068567	0.611579	490.472229
4356.940133	1.528616	0.611579	1860.111816
4356.941000	1.521639	0.611579	3179.373047
4356.941974	1.480342	0.611579	4621.226074
4356.942927	1.438920	0.611579	5992.516602
4356.943832	1.400694	0.611579	7260.145020
4356.944742	1.098007	0.611579	8259.331055
4356.945680	0.134963	0.611579	8385.926758
4356.946613	0.094856	0.611579	8474.427734
4356.947487	0.094882	0.611579	8557.354492
4356.948396	0.094977	0.611579	8643.688477
4356.949343	0.094893	0.611579	8733.551758
4356.950266	0.094878	0.611579	8821.124023
4356.951139	0.094882	0.611579	8903.956055
4356.952104	0.094962	0.611579	8995.594727
4356.953032	0.094948	0.611579	9083.706055
4356.953948	0.094937	0.611579	9170.667969
4357.903390	1.114779	0.624280	570.766907
4357.904284	1.531219	0.624280	1939.677002
4357.905146	1.518501	0.624280	3248.624756
4357.906247	1.472560	0.624280	4869.913086
4357.907218	1.430863	0.624280	6259.281250
4357.908082	1.394806	0.624280	7464.393555
4357.909141	0.712478	0.624280	8218.908203
4357.910180	0.097947	0.624280	8320.674805
4357.911063	0.094955	0.624280	8404.519531
4357.911981	0.094966	0.624280	8491.698242
4357.913043	0.095079	0.624280	8592.672852
4357.913983	0.094973	0.624280	8681.947266
4357.914853	0.095002	0.624280	8764.599609
4357.915877	0.094973	0.624280	8861.852539
4357.916894	0.094958	0.624280	8958.425781
4357.917784	0.094951	0.624280	9042.932617
4357.918735	0.095021	0.624280	9133.296875
4358.961606	1.041013	0.610266	449.717712
4358.962470	1.524401	0.610266	1766.799805
4358.963514	1.517933	0.610266	3351.522217
4358.964400	1.478851	0.610266	4661.784180
4358.965277	1.440743	0.610266	5925.316406
4358.966244	1.400779	0.610266	7279.869629
4358.967222	1.032264	0.610266	8289.423828
4358.968123	0.126947	0.610266	8403.802734
4358.968994	0.094882	0.610266	8486.444336
4358.970017	0.094988	0.610266	8583.617187
4358.970913	0.095010	0.610266	8668.746094
4358.971783	0.095013	0.610266	8751.408203
4358.972675	0.094984	0.610266	8836.133789
4358.973674	0.094988	0.610266	8931.026367
4358.974606	0.095028	0.610266	9019.592773
4358.975486	0.095035	0.610266	9103.223633
4358.976481	0.094966	0.610266	9197.714844
4359.932389	1.074609	0.601927	501.842529
4359.933284	1.528396	0.601927	1869.756958
4359.934150	1.521138	0.601927	3187.062256
4359.935123	1.480232	0.601927	4627.328125
4359.936076	1.439008	0.601927	5998.702148
4359.936970	1.401328	0.601927	7251.489258
4359.937895	1.080948	0.601927	8251.366211
4359.938853	0.133759	0.601927	8379.506836
4359.939757	0.094849	0.601927	8465.250000
4359.940632	0.094944	0.601927	8548.326172
4359.941577	0.094951	0.601927	8638.054687
4359.942542	0.094944	0.601927	8729.675781
4359.943467	0.094933	0.601927	8817.488281
4359.944332	0.094984	0.601927	8899.649414
4359.945293	0.094926	0.601927	8990.873047
4359.946246	0.094944	0.601927	9081.354492
4359.947135	0.094980	0.601927	9165.791992
4360.982997	1.045686	0.683158	471.604401
4360.983944	1.529136	0.683158	1919.695923
4360.984852	1.518226	0.683158	3298.245361
4360.985740	1.480016	0.683158	4612.499512
4360.986693	1.438780	0.683158	5983.657227
4360.987641	1.399010	0.683158	7309.918945
4360.988575	1.029525	0.683158	8271.495117
4360.989448	0.129800	0.683158	8384.810547
4360.990396	0.094852	0.683158	8474.730469
4360.991326	0.094948	0.683158	8563.031250
4360.992261	0.094948	0.683158	8651.807617
4360.993122	0.094933	0.683158	8733.544922
4360.994090	0.094980	0.683158	8825.486328
4360.995038	0.094922	0.683158	8915.472656
4360.995908	0.094955	0.683158	8998.083008
4360.996818	0.094984	0.683158	9084.518555
4360.997770	0.094915	0.683158	9174.876953
4361.963977	1.037380	0.676266	451.260437
4361.964839	1.523588	0.676266	1764.593018
4361.965882	1.517377	0.676266	3347.216797
4361.966843	1.475592	0.676266	4765.260742
4361.967721	1.437521	0.676266	6027.403809
4361.968608	1.399135	0.676266	7268.436035
4361.969709	0.860156	0.676266	8215.467773
4361.970578	0.109036	0.676266	8310.219727
4361.971446	0.094933	0.676266	8392.621094
4361.972476	0.095050	0.676266	8490.522461
4361.973448	0.094937	0.676266	8582.800781
4361.974327	0.095035	0.676266	8666.336914
4361.975188	0.095079	0.676266	8748.200195
4361.976295	0.095046	0.676266	8853.416992
4361.977190	0.094980	0.676266	8938.424805
4361.978062	0.095002	0.676266	9021.266602
4361.979074	0.095002	0.676266	9117.409180
4363.006483	1.126871	0.649925	576.958130
4363.007387	1.531362	0.649925	1961.309692
4363.008318	1.517377	0.649925	3373.987305
4363.009190	1.478057	0.649925	4662.852539
4363.010189	1.436199	0.649925	6097.615234
4363.011118	1.397161	0.649925	7395.577637
4363.012007	1.020666	0.649925	8302.950195
4363.012932	0.130426	0.649925	8423.594727
4363.013858	0.094948	0.649925	8511.516602
4363.014796	0.094999	0.649925	8600.625000
4363.015668	0.094969	0.649925	8683.438477
4363.016577	0.094962	0.649925	8769.758789
4363.017532	0.095002	0.649925	8860.486328
4363.018451	0.094955	0.649925	8947.750000
4363.019328	0.094878	0.649925	9030.958008
4363.020298	0.094929	0.649925	9123.039062
4363.021215	0.094937	0.649925	9210.095703
4364.001885	1.174746	0.636954	680.178040
4364.002922	1.534673	0.636954	2271.633789
4364.003806	1.510477	0.636954	3606.895752
4364.004752	1.469051	0.636954	4996.618164
4364.005814	1.423795	0.636954	6508.688477
4364.006747	1.384936	0.636954	7800.833984
4364.007612	0.636174	0.636954	8351.125000
4364.008681	0.096874	0.636954	8454.682617
4364.009695	0.094958	0.636954	8550.970703
4364.010561	0.094958	0.636954	8633.205078
4364.011519	0.095002	0.636954	8724.217773
4364.012575	0.094918	0.636954	8824.451172
4364.013491	0.094973	0.636954	8911.446289
4364.014361	0.094926	0.636954	8994.031250
4364.015409	0.094907	0.636954	9093.494141
4364.016414	0.094962	0.636954	9188.930664
4364.017304	0.094973	0.636954	9273.457031
4365.026772	1.049689	0.708448	465.012085
4365.027639	1.524829	0.708448	1787.038940
4365.028725	1.515070	0.708448	3432.404541
4365.029725	1.470872	0.708448	4903.276367
4365.030601	1.432939	0.708448	6158.531250
4365.031592	1.392100	0.708448	7538.102051
4365.032642	0.649801	0.708448	8220.393555
4365.033540	0.098467	0.708448	8308.816406
4365.034403	0.094926	0.708448	8390.737305
4365.035496	0.095068	0.708448	8494.647461
4365.036449	0.094915	0.708448	8585.100586
4365.037331	0.095013	0.708448	8668.902344
4365.038319	0.095028	0.708448	8762.790039
4365.039370	0.095032	0.708448	8862.667969
4365.040265	0.095017	0.708448	8947.708008
4365.041137	0.095010	0.708448	9030.556641
4365.042222	0.095054	0.708448	9133.689453
4366.036988	1.105983	0.692782	529.765686
4366.037914	1.530469	0.692782	1946.979736
4366.038797	1.519296	0.692782	3288.517578
4366.039736	1.478412	0.692782	4676.746094
4366.040698	1.437030	0.692782	6059.168945
4366.041614	1.398713	0.692782	7340.390625
4366.042477	1.075320	0.692782	8268.391602
4366.043434	0.130422	0.692782	8393.206055
4366.044367	0.094834	0.692782	8481.686523
4366.045268	0.094845	0.692782	8567.141602
4366.046128	0.094860	0.692782	8648.720703
4366.047087	0.094937	0.692782	8739.764648
4366.048028	0.094922	0.692782	8829.085937
4366.048921	0.094958	0.692782	8913.883789
4366.049839	0.094999	0.692782	9001.092773
4366.050787	0.094962	0.692782	9091.117187
4366.051716	0.094995	0.692782	9179.367187
4367.051203	1.045433	0.751031	452.672668
4367.052082	1.524686	0.751031	1792.871826
4367.052994	1.521244	0.751031	3180.246338
4367.053958	1.479968	0.751031	4606.935547
4367.054881	1.440070	0.751031	5936.119629
4367.055752	1.403079	0.751031	7158.201172
4367.056718	1.108491	0.751031	8229.003906
4367.057675	0.140969	0.751031	8363.911133
4367.058561	0.094867	0.751031	8447.962891
4367.059437	0.094940	0.751031	8531.130859
4367.060384	0.094900	0.751031	8621.000977
4367.061330	0.094940	0.751031	8710.814453
4367.062216	0.095057	0.751031	8795.035156
4367.063122	0.094999	0.751031	8881.104492
4367.064079	0.094933	0.751031	8971.955078
4367.065002	0.094922	0.751031	9059.568359
4367.065863	0.094878	0.751031	9141.257812
4368.074167	1.021304	0.672326	430.990143
4368.075180	1.528268	0.672326	1979.125488
4368.076159	1.513510	0.672326	3460.851318
4368.077092	1.472992	0.672326	4835.152832
4368.077959	1.434232	0.672326	6078.632324
4368.079075	1.390217	0.672326	7630.114746
4368.079979	0.759606	0.672326	8316.797852
4368.080843	0.103469	0.672326	8406.195312
4368.081876	0.094984	0.672326	8504.313477
4368.082836	0.094980	0.672326	8595.495117
4368.083753	0.094973	0.672326	8682.585937
4368.084616	0.095010	0.672326	8764.579102
4368.085704	0.095013	0.672326	8867.954102
4368.086581	0.095006	0.672326	8951.274414
4368.087491	0.094980	0.672326	9037.707031
4368.088363	0.094962	0.672326	9120.513672
4368.089402	0.094926	0.672326	9219.141602
4369.075651	1.033143	0.779770	443.218506
4369.076515	1.523218	0.779770	1759.278564
4369.077506	1.518893	0.779770	3264.501465
4369.078464	1.477683	0.779770	4680.122070
4369.079344	1.438982	0.779770	5946.426270
4369.080263	1.400746	0.779770	7233.711914
4369.081224	1.042976	0.779770	8236.011719
4369.082157	0.124709	0.779770	8352.365234
4369.083033	0.094915	0.779770	8435.510742
4369.083991	0.094929	0.779770	8526.453125
4369.084915	0.094918	0.779770	8614.157227
4369.085841	0.094995	0.779770	8702.123047
4369.086706	0.094955	0.779770	8784.258789
4369.087687	0.094969	0.779770	8877.423828
4369.088627	0.094918	0.779770	8966.646484
4369.089493	0.094958	0.779770	9048.880859
4369.090390	0.094995	0.779770	9134.091797
4370.106304	1.035194	0.752631	443.063049
4370.107177	1.524441	0.752631	1773.899902
4370.108042	1.522207	0.752631	3090.608887
4370.109115	1.477822	0.752631	4676.312500
4370.110014	1.438766	0.752631	5969.763184
4370.110897	1.401574	0.752631	7207.352539
4370.111884	1.021930	0.752631	8215.997070
4370.112827	0.123413	0.752631	8332.375977
4370.113741	0.094918	0.752631	8419.130859
4370.114606	0.095057	0.752631	8501.355469
4370.115647	0.095006	0.752631	8600.256836
4370.116519	0.094980	0.752631	8683.080078
4370.117391	0.094969	0.752631	8765.893555
4370.118321	0.095061	0.752631	8854.300781
4370.119308	0.094988	0.752631	8948.053711
4370.120220	0.095010	0.752631	9034.702148
4370.121093	0.095002	0.752631	9117.639648
4371.101166	1.060763	0.864554	494.315552
4371.102058	1.527865	0.864554	1857.171021
4371.102926	1.520537	0.864554	3176.997314
4371.103889	1.479481	0.864554	4601.737793
4371.104810	1.438480	0.864554	5926.578125
4371.105739	1.400625	0.864554	7227.758789
4371.106606	1.117947	0.864554	8197.018555
4371.107587	0.143851	0.864554	8338.136719
4371.108524	0.094841	0.864554	8427.002930
4371.109390	0.094940	0.864554	8509.220703
4371.110269	0.094973	0.864554	8592.702148
4371.111367	0.095083	0.864554	8697.103516
4371.112379	0.094962	0.864554	8793.205078
4371.113263	0.095024	0.864554	8877.207031
4371.114233	0.094999	0.864554	8969.355469
4371.115286	0.095061	0.864554	9069.455078
4371.116208	0.094958	0.864554	9157.006836
4372.136407	1.049363	0.757207	475.361328
4372.137358	1.530524	0.757207	1930.889282
4372.138289	1.516791	0.757207	3343.021484
4372.139174	1.478137	0.757207	4651.172852
4372.140077	1.438879	0.757207	5950.480957
4372.141041	1.398710	0.757207	7298.836914
4372.141974	1.038541	0.757207	8267.795898
4372.142837	0.133839	0.757207	8383.298828
4372.143803	0.094874	0.757207	8474.947266
4372.144751	0.094973	0.757207	8564.981445
4372.145640	0.094969	0.757207	8649.409180
4372.146533	0.094944	0.757207	8734.194336
4372.147467	0.094977	0.757207	8822.902344
4372.148417	0.094907	0.757207	8913.064453
4372.149313	0.094991	0.757207	8998.176758
4372.150226	0.094980	0.757207	9084.893555
4372.151185	0.095024	0.757207	9176.021484
4373.129728	1.118192	0.896240	551.268677
4373.130662	1.530157	0.896240	1980.435791
4373.131582	1.516630	0.896240	3375.735107
4373.132450	1.477874	0.896240	4658.529297
4373.133427	1.436682	0.896240	6062.167969
4373.134354	1.397483	0.896240	7357.634766
4373.135251	1.042456	0.896240	8292.717773
4373.136162	0.134656	0.896240	8415.389648
4373.137095	0.094900	0.896240	8503.931641
4373.138033	0.094984	0.896240	8593.026367
4373.138908	0.094977	0.896240	8676.130859
4373.139918	0.094933	0.896240	8772.012695
4373.140864	0.094980	0.896240	8861.864258
4373.141788	0.094966	0.896240	8949.612305
4373.142650	0.094940	0.896240	9031.451172
4373.143618	0.094893	0.896240	9123.307617
4373.144567	0.094980	0.896240	9213.444336
4374.163906	1.038307	0.807770	444.395325
4374.164770	1.523243	0.807770	1760.477539
4374.165772	1.518490	0.807770	3282.004395
4374.166700	1.478243	0.807770	4653.814453
4374.167580	1.439967	0.807770	5920.985352
4374.168520	1.401705	0.807770	7238.588379
4374.169437	1.050355	0.807770	8201.763672
4374.170367	0.132345	0.807770	8324.844727
4374.171232	0.094933	0.807770	8406.961914
4374.172240	0.094940	0.807770	8502.662109
4374.173154	0.094944	0.807770	8589.440430
4374.174040	0.094922	0.807770	8673.541016
4374.174901	0.094962	0.807770	8755.303711
4374.175894	0.094977	0.807770	8849.615234
4374.176836	0.095010	0.807770	8939.114258
4374.177731	0.095010	0.807770	9024.148437
4374.178664	0.095013	0.807770	9112.795898
4375.157179	1.027771	0.955670	435.774902
4375.158180	1.526675	0.955670	1963.976318
4375.159103	1.515363	0.955670	3362.656006
4375.160027	1.475713	0.955670	4726.214844
4375.160898	1.436748	0.955670	5977.622559
4375.161955	1.394213	0.955670	7451.305664
4375.162851	0.936588	0.955670	8290.488281
4375.163723	0.116873	0.955670	8392.401367
4375.164710	0.094991	0.955670	8486.158203
4375.165655	0.094991	0.955670	8575.924805
4375.166574	0.095050	0.955670	8663.275391
4375.167440	0.094977	0.955670	8745.525391
4375.168475	0.094973	0.955670	8843.822266
4375.169354	0.094977	0.955670	8927.306641
4375.170227	0.094966	0.955670	9010.211914
4375.171152	0.095079	0.955670	9098.160156
4375.172143	0.094937	0.955670	9192.242187
4376.191468	1.055219	0.833451	499.118378
4376.192386	1.529700	0.833451	1903.382690
4376.193313	1.517194	0.833451	3309.821289
4376.194206	1.478412	0.833451	4630.042969
4376.195150	1.437781	0.833451	5987.308105
4376.196098	1.398453	0.833451	7313.041992
4376.197030	1.019989	0.833451	8263.671875
4376.197903	0.128383	0.833451	8375.750000
4376.198851	0.094860	0.833451	8465.676758
4376.199788	0.094922	0.833451	8554.618164
4376.200660	0.094980	0.833451	8637.441406
4376.201827	0.095006	0.833451	8748.313477
4376.202747	0.095017	0.833451	8835.729492
4376.203672	0.094980	0.833451	8923.585937
4376.204533	0.094958	0.833451	9005.344727
4376.205516	0.094951	0.833451	9098.681641
4376.206424	0.094944	0.833451	9184.890625
4377.184695	1.023380	0.979812	432.889801
4377.185616	1.523423	0.979812	1835.962158
4377.186578	1.517791	0.979812	3296.076660
4377.187506	1.477544	0.979812	4667.237305
4377.188371	1.439381	0.979812	5912.301758
4377.189325	1.400427	0.979812	7248.309570
4377.190255	1.032070	0.979812	8208.134766
4377.191172	0.129906	0.979812	8327.258789
4377.192045	0.094863	0.979812	8410.074219
4377.193009	0.094944	0.979812	8501.599609
4377.193956	0.094904	0.979812	8591.473633
4377.194847	0.094991	0.979812	8676.111328
4377.195758	0.094991	0.979812	8762.648437
4377.196696	0.094948	0.979812	8851.708984
4377.197627	0.094948	0.979812	8940.105469
4377.198502	0.095032	0.979812	9023.257812
4377.199426	0.094937	0.979812	9110.979492
4378.219994	1.073800	0.841105	486.431396
4378.220880	1.526807	0.841105	1839.182129
4378.221744	1.520955	0.841105	3153.286865
4378.222733	1.479020	0.841105	4616.037109
4378.223696	1.437935	0.841105	6000.768066
4378.224589	1.400244	0.841105	7251.186035
4378.225515	1.077323	0.841105	8248.787109
4378.226484	0.131543	0.841105	8376.251953
4378.227405	0.094867	0.841105	8463.624023
4378.228261	0.094988	0.841105	8544.933594
4378.229203	0.094937	0.841105	8634.364258
4378.230155	0.094962	0.841105	8724.768555
4378.231065	0.094991	0.841105	8811.210937
4378.231937	0.094973	0.841105	8894.027344
4378.232905	0.095028	0.841105	8986.014648
4378.233857	0.094937	0.841105	9076.394531
4378.234747	0.095028	0.841105	9160.969727
4379.214829	1.081751	1.010584	509.504486
4379.215703	1.526583	1.010584	1843.738281
4379.216566	1.520793	1.010584	3156.183105
4379.217646	1.474995	1.010584	4749.177734
4379.218593	1.433811	1.010584	6106.997070
4379.219475	1.397135	1.010584	7339.270020
4379.220439	0.931926	1.010584	8237.646484
4379.221461	0.105846	1.010584	8345.821289
4379.222337	0.094958	1.010584	8429.004883
4379.223209	0.095054	1.010584	8511.891602
4379.224160	0.095065	1.010584	8602.297852
4379.225124	0.094926	1.010584	8693.805664
4379.226039	0.094977	1.010584	8780.708984
4379.226914	0.094991	1.010584	8863.826172
4379.227924	0.095079	1.010584	8959.856445
4379.228827	0.095002	1.010584	9045.643555
4379.229750	0.095061	1.010584	9133.384766
4380.246545	1.079799	0.867373	550.697266
4380.247593	1.532952	0.867373	2157.230713
4380.248528	1.510455	0.867373	3569.506348
4380.249395	1.471091	0.867373	4844.942383
4380.250469	1.425930	0.867373	6376.391602
4380.251477	1.384354	0.867373	7771.820801
4380.252359	0.622145	0.867373	8320.552734
4380.253355	0.098888	0.867373	8419.044922
4380.254412	0.095017	0.867373	8519.477539
4380.255310	0.095028	0.867373	8604.812500
4380.256168	0.095039	0.867373	8686.356445
4380.257248	0.095098	0.867373	8789.061523
4380.258231	0.094907	0.867373	8882.355469
4380.259104	0.095032	0.867373	8965.318359
4380.260090	0.095039	0.867373	9059.027344
4380.261153	0.095065	0.867373	9160.081055
4380.262046	0.095013	0.867373	9244.927734
4381.244433	1.096362	1.032454	552.566650
4381.245320	1.529220	1.032454	1908.984619
4381.246208	1.516732	1.032454	3255.842773
4381.247308	1.470626	1.032454	4873.531250
4381.248264	1.429581	1.032454	6240.210937
4381.249137	1.393004	1.032454	7456.303711
4381.250045	0.863771	1.032454	8240.607422
4381.251141	0.100547	1.032454	8350.806641
4381.252011	0.094991	1.032454	8433.449219
4381.252883	0.095017	1.032454	8516.303711
4381.253901	0.095043	1.032454	8613.057617
4381.254872	0.094955	1.032454	8705.258789
4381.255746	0.094991	1.032454	8788.281250
4381.256602	0.094991	1.032454	8869.593750
4381.257718	0.094977	1.032454	8975.587891
4381.258624	0.094958	1.032454	9061.620117
4381.259488	0.094878	1.032454	9143.594727
4382.275027	1.045173	0.837628	458.831085
4382.275899	1.525148	0.837628	1788.759888
4382.276778	1.522288	0.837628	3126.850586
4382.277756	1.481213	0.837628	4575.477051
4382.278664	1.440575	0.837628	5883.519043
4382.279580	1.402511	0.837628	7168.219238
4382.280460	1.195532	0.837628	8220.287109
4382.281426	0.148993	0.837628	8364.213867
4382.282359	0.094896	0.837628	8452.751953
4382.283288	0.095024	0.837628	8541.029297
4382.284146	0.094988	0.837628	8622.529297
4382.285110	0.095032	0.837628	8714.139648
4382.286032	0.094977	0.837628	8801.708008
4382.286924	0.094980	0.837628	8886.430664
4382.287837	0.095017	0.837628	8973.181641
4382.288781	0.094980	0.837628	9062.842773
4382.289710	0.094977	0.837628	9151.076172
4383.274005	1.100317	1.010939	561.161865
4383.274919	1.530597	1.010939	1960.127441
4383.275782	1.516886	1.010939	3269.200195
4383.276845	1.471300	1.010939	4833.192383
4383.277854	1.427765	1.010939	6273.807129
4383.278754	1.390701	1.010939	7525.437500
4383.279737	0.733308	1.010939	8246.279297
4383.280781	0.097969	1.010939	8348.558594
4383.281687	0.094889	1.010939	8434.528320
4383.282547	0.094940	1.010939	8516.176758
4383.283630	0.094969	1.010939	8619.028320
4383.284612	0.094904	1.010939	8712.223633
4383.285501	0.094896	1.010939	8796.585937
4383.286475	0.095006	1.010939	8889.122070
4383.287537	0.094999	1.010939	8990.010742
4383.288430	0.094922	1.010939	9074.776367
4383.289290	0.094900	1.010939	9156.390625
4384.301030	1.072987	0.852344	503.230927
4384.301902	1.527004	0.852344	1834.778809
4384.302773	1.520662	0.852344	3159.275146
4384.303847	1.474779	0.852344	4743.187988
4384.304780	1.434727	0.852344	6081.788086
4384.305656	1.398252	0.852344	7306.656738
4384.306615	0.963549	0.852344	8230.700195
4384.307630	0.107073	0.852344	8339.378906
4384.308511	0.094969	0.852344	8423.046875
4384.309372	0.094977	0.852344	8504.822266
4384.310429	0.095083	0.852344	8605.325195
4384.311365	0.094955	0.852344	8694.203125
4384.312241	0.094999	0.852344	8777.421875
4384.313178	0.095006	0.852344	8866.442383
4384.314213	0.094926	0.852344	8964.690430
4384.315091	0.094933	0.852344	9048.041016
4384.315949	0.094980	0.852344	9129.534180
4385.305031	1.034879	1.018520	444.998016
4385.305993	1.523536	1.018520	1910.640015
4385.307046	1.511854	1.018520	3502.622559
4385.307985	1.470359	1.018520	4883.289551
4385.308847	1.432694	1.018520	6118.271973
4385.309902	1.389584	1.018520	7584.283203
4385.310929	0.630718	1.018520	8232.030273
4385.311798	0.098595	1.018520	8317.708984
4385.312763	0.094911	1.018520	8409.297852
4385.313813	0.094991	1.018520	8509.039062
4385.314732	0.094984	1.018520	8596.329102
4385.315598	0.094907	1.018520	8678.518555
4385.316677	0.095024	1.018520	8781.049805
4385.317667	0.094937	1.018520	8875.037109
4385.318563	0.094977	1.018520	8960.136719
4385.319532	0.095039	1.018520	9052.229492
4385.320581	0.094977	1.018520	9151.860352
4386.324425	1.039050	0.831264	451.986847
4386.325294	1.524379	0.831264	1776.671875
4386.326336	1.516018	0.831264	3356.362793
4386.327364	1.471384	0.831264	4868.945801
4386.328261	1.432603	0.831264	6153.990234
4386.329203	1.393700	0.831264	7466.855469
4386.330260	0.702850	0.831264	8209.768555
4386.331191	0.099097	0.831264	8302.027344
4386.332055	0.094995	0.831264	8384.103516
4386.333121	0.095028	0.831264	8485.403320
4386.334127	0.094944	0.831264	8580.916992
4386.335011	0.094948	0.831264	8664.850586
4386.335990	0.095032	0.831264	8757.886719
4386.337035	0.095028	0.831264	8857.191406
4386.337953	0.094922	0.831264	8944.330078
4386.338809	0.095021	0.831264	9025.667969
4386.339854	0.095057	0.831264	9125.002930
4387.335110	1.041811	0.972408	451.104370
4387.335984	1.523818	0.972408	1782.921631
4387.337025	1.516703	0.972408	3361.809082
4387.337930	1.475958	0.972408	4697.551270
4387.338855	1.436686	0.972408	6026.485352
4387.339718	1.398951	0.972408	7233.780273
4387.340746	0.951951	0.972408	8212.385742
4387.341641	0.117217	0.972408	8317.294922
4387.342551	0.094911	0.972408	8403.664062
4387.343424	0.094948	0.972408	8486.553711
4387.344410	0.095002	0.972408	8580.226562
4387.345323	0.094973	0.972408	8666.937500
4387.346196	0.095021	0.972408	8749.890625
4387.347224	0.094991	0.972408	8847.541992
4387.348121	0.094980	0.972408	8932.739258
4387.349037	0.094977	0.972408	9019.738281
4387.349902	0.095046	0.972408	9101.953125
4388.348864	1.032993	0.829978	441.088104
4388.349794	1.523148	0.829978	1857.615967
4388.350805	1.515410	0.829978	3389.695801
4388.351729	1.475028	0.829978	4752.621582
4388.352592	1.437360	0.829978	5993.062988
4388.353670	1.393334	0.829978	7495.076660
4388.354559	0.877397	0.829978	8275.083008
4388.355475	0.107395	0.829978	8373.457031
4388.356344	0.094944	0.829978	8455.962891
4388.357377	0.094944	0.829978	8554.040039
4388.358260	0.095006	0.829978	8637.930664
4388.359135	0.095010	0.829978	8721.064453
4388.360130	0.095050	0.829978	8815.639648
4388.361064	0.094966	0.829978	8904.337891
4388.361982	0.095043	0.829978	8991.586914
4388.362845	0.095021	0.829978	9073.589844
4388.363879	0.094915	0.829978	9171.731445
4389.367776	1.064663	0.953289	474.839722
4389.368653	1.525437	0.953289	1812.647949
4389.369522	1.521592	0.953289	3134.911133
4389.370494	1.479767	0.953289	4573.244629
4389.371423	1.439106	0.953289	5910.174805
4389.372348	1.400665	0.953289	7205.790039
4389.373232	1.135334	0.953289	8209.425781
4389.374228	0.136058	0.953289	8344.939453
4389.375140	0.094819	0.953289	8431.415039
4389.376058	0.094937	0.953289	8518.566406
4389.376918	0.094915	0.953289	8600.193359
4389.377876	0.094980	0.953289	8691.184570
4389.378818	0.094937	0.953289	8780.615234
4389.379698	0.094940	0.953289	8864.162109
4389.380607	0.094944	0.953289	8950.465820
4389.381563	0.094922	0.953289	9041.210937
4389.382483	0.094896	0.953289	9128.515625
4390.370744	1.023633	0.879531	429.925812
4390.371716	1.526433	0.879531	1913.618774
4390.372648	1.516681	0.879531	3327.165527
4390.373551	1.476793	0.879531	4660.709961
4390.374436	1.437825	0.879531	5933.184570
4390.375417	1.397736	0.879531	7304.363281
4390.376375	0.986913	0.879531	8249.826172
4390.377267	0.120092	0.879531	8356.948242
4390.378180	0.094918	0.879531	8443.608398
4390.379116	0.095021	0.879531	8532.547852
4390.380022	0.094951	0.879531	8618.573242
4390.380882	0.094999	0.879531	8700.272461
4390.381853	0.094955	0.879531	8792.473633
4390.382805	0.094948	0.879531	8882.863281
4390.383681	0.094984	0.879531	8966.069336
4390.384588	0.094911	0.879531	9052.153320
4390.385545	0.095017	0.879531	9143.084961
4391.401459	1.072566	0.902355	505.178558
4391.402352	1.528652	0.902355	1870.265137
4391.403220	1.520131	0.902355	3189.738525
4391.404188	1.478826	0.902355	4621.241699
4391.405137	1.438008	0.902355	5985.911133
4391.406030	1.400057	0.902355	7236.162598
4391.406913	1.110370	0.902355	8216.619141
4391.407871	0.141361	0.902355	8352.042969
4391.408825	0.094915	0.902355	8442.591797
4391.409697	0.094940	0.902355	8525.379883
4391.410611	0.094955	0.902355	8612.168945
4391.411563	0.094973	0.902355	8702.583008
4391.412487	0.094896	0.902355	8790.267578
4391.413364	0.094911	0.902355	8873.504883
4391.414292	0.094937	0.902355	8961.606445
4391.415227	0.094863	0.902355	9050.303711
4391.416146	0.094995	0.902355	9137.604492
4392.392158	1.073419	0.907830	493.772827
4392.393087	1.528799	0.907830	1914.026978
4392.393966	1.519010	0.907830	3249.236816
4392.394870	1.479672	0.907830	4586.859863
4392.395829	1.438473	0.907830	5966.355469
4392.396762	1.399581	0.907830	7272.165039
4392.397630	1.117555	0.907830	8242.203125
4392.398615	0.139918	0.907830	8380.022461
4392.399526	0.094867	0.907830	8466.446289
4392.400429	0.095076	0.907830	8552.299805
4392.401304	0.095021	0.907830	8635.443359
4392.402407	0.095116	0.907830	8740.356445
4392.403441	0.094984	0.907830	8838.570312
4392.404331	0.095010	0.907830	8923.128906
4392.405255	0.094977	0.907830	9010.887695
4392.406325	0.094980	0.907830	9112.516602
4392.407254	0.094948	0.907830	9200.722656
4393.433042	1.052241	0.922146	472.456299
4393.433998	1.530150	0.922146	1935.279907
4393.434917	1.516754	0.922146	3329.177002
4393.435800	1.478247	0.922146	4634.469238
4393.436759	1.437480	0.922146	6013.012695
4393.437710	1.397611	0.922146	7342.140625
4393.438642	1.002528	0.922146	8276.497070
4393.439502	0.127046	0.922146	8385.756836
4393.440450	0.094900	0.922146	8475.721680
4393.441368	0.094966	0.922146	8562.900391
4393.442282	0.095002	0.922146	8649.732422
4393.443142	0.094991	0.922146	8731.424805
4393.444112	0.094958	0.922146	8823.534180
4393.445058	0.094977	0.922146	8913.381836
4393.445948	0.094955	0.922146	8997.891602
4393.446864	0.094948	0.922146	9084.863281
4393.447815	0.094973	0.922146	9175.182617
4394.415610	1.103782	0.961979	528.711426
4394.416495	1.527594	0.961979	1880.632080
4394.417355	1.519460	0.961979	3187.368164
4394.418313	1.478203	0.961979	4603.486816
4394.419268	1.437513	0.961979	5976.312012
4394.420164	1.399929	0.961979	7230.648437
4394.421079	1.099596	0.961979	8236.778320
4394.422039	0.133707	0.961979	8365.137695
4394.422958	0.094841	0.961979	8452.296875
4394.423838	0.094969	0.961979	8535.870117
4394.424802	0.094973	0.961979	8627.423828
4394.425747	0.094991	0.961979	8717.190430
4394.426622	0.095017	0.961979	8800.330078
4394.427742	0.094958	0.961979	8906.683594
4394.428679	0.094991	0.961979	8995.690430
4394.429611	0.094969	0.961979	9084.202148
4394.430474	0.095017	0.961979	9166.202148
4395.463155	1.084592	0.947686	519.519653
4395.464037	1.527953	0.947686	1867.174072
4395.464909	1.520292	0.947686	3192.868652
4395.465873	1.479320	0.947686	4618.933105
4395.466864	1.435990	0.947686	6041.999023
4395.467781	1.397769	0.947686	7323.752930
4395.468648	1.083296	0.947686	8262.970703
4395.469692	0.122051	0.947686	8390.391602
4395.470562	0.094911	0.947686	8472.963867
4395.471435	0.095046	0.947686	8555.939453
4395.472322	0.095002	0.947686	8640.207031
4395.473353	0.094980	0.947686	8738.131836
4395.474256	0.094977	0.947686	8823.895508
4395.475134	0.094962	0.947686	8907.272461
4395.476112	0.095050	0.947686	9000.231445
4395.477058	0.094988	0.947686	9090.089844
4395.477979	0.095024	0.947686	9177.607422
4396.440025	1.066095	1.027125	468.015717
4396.440913	1.525305	1.027125	1822.486694
4396.441822	1.519226	1.027125	3203.463379
4396.442721	1.480613	1.027125	4534.534180
4396.443647	1.439985	1.027125	5867.960937
4396.444610	1.400405	1.027125	7216.551270
4396.445501	1.145588	1.027125	8237.270508
4396.446433	0.156588	1.027125	8383.210937
4396.447383	0.094874	1.027125	8473.341797
4396.448307	0.094937	1.027125	8561.063477
4396.449166	0.095002	1.027125	8642.670898
4396.450091	0.094984	1.027125	8730.531250
4396.451025	0.095013	1.027125	8819.273437
4396.451941	0.094999	1.027125	8906.291992
4396.452801	0.094937	1.027125	8987.937500
4396.453774	0.094966	1.027125	9080.338867
4396.454725	0.094948	1.027125	9170.633789
4397.490668	1.075009	0.960863	505.253998
4397.491548	1.527202	0.960863	1849.191895
4397.492533	1.516816	0.960863	3343.255859
4397.493471	1.475050	0.960863	4726.852539
4397.494377	1.435737	0.960863	6027.630371
4397.495257	1.398417	0.960863	7258.237305
4397.496295	0.917428	0.960863	8210.527344
4397.497198	0.111650	0.960863	8311.347656
4397.498075	0.094893	0.960863	8394.568359
4397.499016	0.095017	0.960863	8483.979492
4397.499981	0.094984	0.960863	8575.639648
4397.500900	0.094973	0.960863	8662.919922
4397.501766	0.095010	0.960863	8745.198242
4397.502803	0.094977	0.960863	8843.689453
4397.503687	0.094969	0.960863	8927.642578
4397.504558	0.094984	0.960863	9010.374023
4397.505414	0.094995	0.960863	9091.689453
4398.467011	1.029287	1.085652	442.593445
4398.467884	1.523386	1.085652	1772.509521
4398.468797	1.519918	1.085652	3160.194824
4398.469802	1.477203	1.085652	4644.784180
4398.470715	1.437425	1.085652	5957.153809
4398.471608	1.400336	1.085652	7207.653320
4398.472627	0.989304	1.085652	8215.753906
4398.473527	0.121648	1.085652	8325.237305
4398.474444	0.094988	1.085652	8412.340820
4398.475304	0.095068	1.085652	8494.099609
4398.476353	0.094955	1.085652	8593.707031
4398.477230	0.094940	1.085652	8676.969727
4398.478102	0.094984	1.085652	8759.795898
4398.479079	0.094991	1.085652	8852.602539
4398.480011	0.095028	1.085652	8941.168945
4398.480924	0.095017	1.085652	9027.919922
4398.481796	0.094999	1.085652	9110.758789
4399.518183	1.052054	0.962921	483.945038
4399.519068	1.527283	0.962921	1835.590332
4399.519937	1.520870	0.962921	3157.226562
4399.520880	1.479368	0.962921	4552.270508
4399.521835	1.438275	0.962921	5925.823242
4399.522760	1.400098	0.962921	7220.913574
4399.523628	1.127146	0.962921	8199.276367
4399.524605	0.145345	0.962921	8341.279297
4399.525550	0.094882	0.962921	8430.942383
4399.526416	0.095072	0.962921	8513.274414
4399.527293	0.095021	0.962921	8596.607422
4399.528405	0.095094	0.962921	8702.351562
4399.529434	0.094999	0.962921	8800.105469
4399.530323	0.095017	0.962921	8884.575195
4399.531268	0.095050	0.962921	8974.397461
4399.532327	0.095050	0.962921	9075.055664
4399.533263	0.095123	0.962921	9164.090820
4400.496110	1.081728	1.125387	504.085449
4400.496987	1.526422	1.125387	1842.757568
4400.497965	1.515487	1.125387	3324.903809
4400.499030	1.470084	1.125387	4890.543457
4400.499930	1.430511	1.125387	6178.003906
4400.500803	1.393118	1.125387	7394.195801
4400.501885	0.726812	1.125387	8180.605957
4400.502880	0.097782	1.125387	8277.899414
4400.503778	0.094999	1.125387	8363.208008
4400.504755	0.095032	1.125387	8456.053711
4400.505814	0.094991	1.125387	8556.649414
4400.506708	0.094911	1.125387	8641.500000
4400.507573	0.095002	1.125387	8723.676758
4400.508677	0.095083	1.125387	8828.648437
4400.509644	0.094977	1.125387	8920.491211
4400.510512	0.094991	1.125387	9002.943359
4400.511553	0.095046	1.125387	9101.886719
4401.544146	1.057372	0.956355	463.128815
4401.545063	1.527927	0.956355	1864.238159
4401.545944	1.519109	0.956355	3202.573242
4401.546933	1.476940	0.956355	4663.266602
4401.547882	1.436437	0.956355	6026.445312
4401.548775	1.398904	0.956355	7275.666504
4401.549688	1.074631	0.956355	8256.804687
4401.550632	0.127734	0.956355	8377.385742
4401.551563	0.094852	0.956355	8465.693359
4401.552438	0.094977	0.956355	8548.797852
4401.553370	0.094896	0.956355	8637.241211
4401.554301	0.094973	0.956355	8725.661133
4401.555222	0.094973	0.956355	8813.131836
4401.556096	0.094911	0.956355	8896.083984
4401.557045	0.094918	0.956355	8986.161133
4401.557993	0.094962	0.956355	9076.185547
4401.558877	0.095021	0.956355	9160.183594
4402.525700	1.091627	1.153199	539.263855
4402.526578	1.527986	1.153199	1880.835449
4402.527502	1.516754	1.153199	3282.316406
4402.528588	1.469773	1.153199	4878.489746
4402.529542	1.429010	1.153199	6241.765137
4402.530412	1.392528	1.153199	7453.264648
4402.531467	0.710592	1.153199	8202.939453
4402.532487	0.097236	1.153199	8302.120117
4402.533380	0.094991	1.153199	8386.947266
4402.534327	0.095021	1.153199	8476.931641
4402.535363	0.095065	1.153199	8575.418945
4402.536291	0.094962	1.153199	8663.543945
4402.537149	0.094969	1.153199	8745.027344
4402.538203	0.094995	1.153199	8845.152344
4402.539214	0.094838	1.153199	8941.033203
4402.540092	0.094940	1.153199	9024.390625
4402.541079	0.095079	1.153199	9118.234375
4403.569609	1.048242	0.960899	459.130096
4403.570542	1.528030	0.960899	1884.781982
4403.571423	1.519548	0.960899	3223.503906
4403.572380	1.478397	0.960899	4638.330078
4403.573326	1.437656	0.960899	5998.353027
4403.574254	1.398809	0.960899	7296.447266
4403.575115	1.111963	0.960899	8253.847656
4403.576046	0.137977	0.960899	8382.304687
4403.576987	0.094852	0.960899	8471.560547
4403.577908	0.094969	0.960899	8559.027344
4403.578770	0.094915	0.960899	8640.843750
4403.579744	0.094955	0.960899	8733.330078
4403.580694	0.094900	0.960899	8823.485352
4403.581582	0.094973	0.960899	8907.821289
4403.582486	0.095010	0.960899	8993.709961
4403.583450	0.094988	0.960899	9085.278320
4403.584365	0.094980	0.960899	9172.185547
4404.555711	1.033488	1.136058	441.299194
4404.556576	1.522471	1.136058	1758.236328
4404.557560	1.517816	1.136058	3251.767578
4404.558515	1.476639	1.136058	4661.958008
4404.559414	1.437272	1.136058	5954.065430
4404.560376	1.398058	1.136058	7298.997070
4404.561431	0.852155	1.136058	8198.020508
4404.562421	0.101327	1.136058	8298.333984
4404.563312	0.094900	1.136058	8382.889648
4404.564304	0.095050	1.136058	8477.179687
4404.565344	0.095072	1.136058	8576.054687
4404.566241	0.094966	1.136058	8661.239258
4404.567099	0.095032	1.136058	8742.776367
4404.568183	0.095076	1.136058	8845.838867
4404.569168	0.094951	1.136058	8939.366211
4404.570045	0.094944	1.136058	9022.631836
4404.571054	0.095123	1.136058	9118.611328
4405.595084	1.039277	0.969435	446.889252
4405.596025	1.524613	0.969435	1881.550171
4405.596938	1.517860	0.969435	3267.356445
4405.597861	1.477636	0.969435	4631.213867
4405.598742	1.439571	0.969435	5899.476562
4405.599670	1.400409	0.969435	7199.056152
4405.600614	1.060891	0.969435	8200.537109
4405.601556	0.128159	0.969435	8321.262695
4405.602415	0.094900	0.969435	8402.781250
4405.603379	0.095010	0.969435	8494.371094
4405.604323	0.094988	0.969435	8584.040039
4405.605211	0.094969	0.969435	8668.373047
4405.606141	0.095024	0.969435	8756.746094
4405.607042	0.094860	0.969435	8842.214844
4405.607980	0.094999	0.969435	8931.323242
4405.608865	0.094980	0.969435	9015.380859
4405.609772	0.095013	0.969435	9101.557617
4406.585787	1.023245	1.120771	431.809235
4406.586708	1.525851	1.120771	1837.117920
4406.587658	1.516893	1.120771	3278.166504
4406.588586	1.476998	1.120771	4648.820801
4406.589466	1.438052	1.120771	5914.306641
4406.590437	1.398354	1.120771	7272.108887
4406.591402	1.011837	1.120771	8248.531250
4406.592299	0.121487	1.120771	8357.504883
4406.593213	0.094904	1.120771	8444.247070
4406.594153	0.094951	1.120771	8533.500977
4406.595074	0.094907	1.120771	8620.910156
4406.595955	0.094966	1.120771	8704.575195
4406.596853	0.094980	1.120771	8789.867187
4406.597799	0.094878	1.120771	8879.622070
4406.598722	0.094926	1.120771	8967.238281
4406.599598	0.094918	1.120771	9050.386719
4406.600562	0.094980	1.120771	9141.948242
4407.622116	1.079484	0.901787	492.244537
4407.622998	1.526949	0.901787	1839.013916
4407.624015	1.515773	0.901787	3380.554687
4407.625051	1.470227	0.901787	4903.709961
4407.625950	1.430998	0.901787	6190.177734
4407.626816	1.393271	0.901787	7396.750977
4407.627909	0.712764	0.901787	8175.801758
4407.628875	0.098090	0.901787	8270.556641
4407.629750	0.094918	0.901787	8353.610352
4407.630608	0.094991	0.901787	8435.113281
4407.631724	0.095017	0.901787	8541.152344
4407.632629	0.094988	0.901787	8627.116211
4407.633506	0.094948	0.901787	8710.384766
4407.634492	0.094966	0.901787	8804.021484
4407.635488	0.094962	0.901787	8898.603516
4407.636382	0.094977	0.901787	8983.512695
4407.637242	0.094969	0.901787	9065.186523
4408.615895	1.058108	1.080024	463.451294
4408.616778	1.524628	1.080024	1809.697510
4408.617648	1.521108	1.080024	3133.061768
4408.618511	1.482638	1.080024	4412.578125
4408.619484	1.441241	1.080024	5814.906250
4408.620438	1.401724	1.080024	7152.150391
4408.621336	1.185081	1.080024	8216.352539
4408.622250	0.171801	1.080024	8373.377930
4408.623205	0.094944	1.080024	8464.048828
4408.624124	0.095006	1.080024	8551.359375
4408.624988	0.095028	1.080024	8633.463867
4408.625941	0.094973	1.080024	8723.973633
4408.626868	0.095006	1.080024	8812.043945
4408.627797	0.095046	1.080024	8900.341797
4408.628653	0.094984	1.080024	8981.648437
4408.629592	0.094995	1.080024	9070.848633
4408.630517	0.095028	1.080024	9158.750000
4409.646018	1.037670	0.918215	446.197998
4409.646881	1.523339	0.918215	1760.839233
4409.647952	1.514941	0.918215	3383.341309
4409.648886	1.473973	0.918215	4760.032227
4409.649762	1.435898	0.918215	6017.879395
4409.650722	1.396432	0.918215	7358.454102
4409.651769	0.826963	0.918215	8224.284180
4409.652640	0.106230	0.918215	8316.810547
4409.653518	0.094915	0.918215	8400.145508
4409.654472	0.095010	0.918215	8490.785156
4409.655439	0.095021	0.918215	8582.669922
4409.656351	0.094962	0.918215	8669.275391
4409.657229	0.094955	0.918215	8752.645508
4409.658275	0.095024	0.918215	8852.041016
4409.659169	0.094973	0.918215	8936.947266
4409.660044	0.094977	0.918215	9020.051758
4409.660919	0.094900	0.918215	9103.088867
4410.645434	1.037223	1.037356	439.782501
4410.646409	1.527462	1.037356	1929.057983
4410.647343	1.515564	1.037356	3344.594727
4410.648272	1.475281	1.037356	4715.130859
4410.649149	1.437037	1.037356	5975.412598
4410.650115	1.397644	1.037356	7325.536621
4410.651053	0.990784	1.037356	8254.891602
4410.651957	0.119930	1.037356	8363.308594
4410.652817	0.094991	1.037356	8445.000977
4410.653905	0.094948	1.037356	8548.303711
4410.654930	0.094951	1.037356	8645.628906
4410.655811	0.094988	1.037356	8729.313477
4410.656736	0.094999	1.037356	8817.187500
4410.657783	0.095010	1.037356	8916.663086
4410.658714	0.094980	1.037356	9005.089844
4410.659574	0.095035	1.037356	9086.820312
4410.660588	0.095178	1.037356	9183.331055
4411.673668	1.150895	0.850756	649.104675
4411.674732	1.533772	0.850756	2281.038086
4411.675617	1.508709	0.850756	3616.245117
4411.676502	1.468011	0.850756	4915.435547
4411.677594	1.422810	0.850756	6469.144043
4411.678555	1.383376	0.850756	7798.568848
4411.679428	0.619860	0.850756	8339.706055
4411.680453	0.096855	0.850756	8438.982422
4411.681498	0.094999	0.850756	8538.255859
4411.682387	0.094918	0.850756	8622.637695
4411.683317	0.095065	0.850756	8711.047852
4411.684369	0.095032	0.850756	8811.021484
4411.685312	0.094980	0.850756	8900.587891
4411.686191	0.095013	0.850756	8984.104492
4411.687125	0.095039	0.850756	9072.871094
4411.688174	0.095021	0.850756	9172.547852
4411.689055	0.094973	0.850756	9256.218750
4412.674004	1.047023	0.998745	471.160217
4412.674898	1.526832	0.998745	1836.148193
4412.675821	1.519032	0.998745	3238.214844
4412.676776	1.477866	0.998745	4649.577148
4412.677701	1.437612	0.998745	5979.368652
4412.678571	1.400903	0.998745	7198.154297
4412.679510	1.067483	0.998745	8200.520508
4412.680448	0.133011	0.998745	8325.285156
4412.681372	0.094984	0.998745	8413.050781
4412.682242	0.095017	0.998745	8495.715820
4412.683224	0.095120	0.998745	8589.123047
4412.684152	0.095105	0.998745	8677.380859
4412.685026	0.094988	0.998745	8760.400391
4412.685978	0.094977	0.998745	8850.818359
4412.686905	0.094969	0.998745	8938.855469
4412.687827	0.095017	0.998745	9026.460937
4412.688686	0.094991	0.998745	9108.058594
4413.699007	1.030796	0.846237	438.088257
4413.699870	1.523284	0.846237	1752.682129
4413.700967	1.514286	0.846237	3413.853760
4413.701899	1.472893	0.846237	4786.589844
4413.702782	1.435115	0.846237	6053.795898
4413.703779	1.394436	0.846237	7444.048828
4413.704794	0.775785	0.846237	8231.470703
4413.705681	0.103510	0.846237	8323.283203
4413.706538	0.094907	0.846237	8404.619141
4413.707617	0.094995	0.846237	8507.119141
4413.708525	0.095068	0.846237	8593.441406
4413.709399	0.094977	0.846237	8676.451172
4413.710358	0.095057	0.846237	8767.611328
4413.711380	0.094999	0.846237	8864.700195
4413.712267	0.094966	0.846237	8948.934570
4413.713129	0.094991	0.846237	9030.817383
4413.714196	0.094969	0.846237	9132.149414
4414.700502	1.042408	1.010129	459.702087
4414.701374	1.524737	1.010129	1789.273193
4414.702268	1.520519	1.010129	3148.616943
4414.703212	1.478906	1.010129	4544.704590
4414.704170	1.438162	1.010129	5922.463379
4414.705069	1.400947	1.010129	7181.915039
4414.705976	1.117936	1.010129	8195.882812
4414.706944	0.138223	1.010129	8329.682617
4414.707863	0.094969	1.010129	8416.959961
4414.708727	0.095061	1.010129	8499.092773
4414.709702	0.094999	1.010129	8591.716797
4414.710648	0.095032	1.010129	8681.617187
4414.711532	0.095010	1.010129	8765.605469
4414.712399	0.094999	1.010129	8847.969727
4414.713355	0.095061	1.010129	8938.847656
4414.714301	0.095039	1.010129	9028.754883
4414.715188	0.095057	1.010129	9113.070312
4415.725001	1.043236	0.859071	455.894135
4415.725880	1.525166	0.859071	1796.515137
4415.726755	1.521749	0.859071	3128.045898
4415.727734	1.480888	0.859071	4577.834961
4415.728668	1.439528	0.859071	5922.353516
4415.729588	1.401134	0.859071	7211.396973
4415.730460	1.172270	0.859071	8233.617187
4415.731407	0.143778	0.859071	8369.775391
4415.732353	0.094933	0.859071	8459.582031
4415.733277	0.095046	0.859071	8547.405273
4415.734150	0.094940	0.859071	8630.288086
4415.735115	0.094958	0.859071	8721.922852
4415.736063	0.094991	0.859071	8811.974609
4415.736960	0.094988	0.859071	8897.178711
4415.737867	0.095024	0.859071	8983.366211
4415.738802	0.094966	0.859071	9072.159180
4415.739736	0.094937	0.859071	9160.830078
4416.727595	1.124476	0.990459	583.603210
4416.728476	1.529553	0.990459	1931.139648
4416.729351	1.518028	0.990459	3259.414551
4416.730268	1.477474	0.990459	4614.258789
4416.731300	1.433687	0.990459	6093.823242
4416.732181	1.396326	0.990459	7323.986328
4416.733063	1.064359	0.990459	8262.750977
4416.734053	0.127991	0.990459	8389.461914
4416.734982	0.094948	0.990459	8477.667969
4416.735902	0.094995	0.990459	8565.063477
4416.736766	0.095010	0.990459	8647.152344
4416.737813	0.094940	0.990459	8746.554687
4416.738706	0.094980	0.990459	8831.372070
4416.739582	0.095006	0.990459	8914.597656
4416.740580	0.095072	0.990459	9009.479492
4416.741509	0.094988	0.990459	9097.722656
4416.742422	0.094948	0.990459	9184.410156
4417.752049	1.057515	0.863865	507.606995
4417.752982	1.529780	0.863865	1934.892090
4417.753906	1.516311	0.863865	3335.963379
4417.754793	1.477072	0.863865	4646.125977
4417.755679	1.437678	0.863865	5919.909180
4417.756769	1.393586	0.863865	7438.918457
4417.757761	0.803049	0.863865	8235.542969
4417.758654	0.104561	0.863865	8328.916016
4417.759654	0.095142	0.863865	8424.057617
4417.760693	0.095065	0.863865	8522.830078
4417.761591	0.095065	0.863865	8608.198242
4417.762447	0.095043	0.863865	8689.554687
4417.763527	0.095116	0.863865	8792.280273
4417.764523	0.094973	0.863865	8886.873047
4417.765404	0.095090	0.863865	8970.647461
4417.766414	0.095120	0.863865	9066.718750
4417.767455	0.095050	0.863865	9165.666016
4418.753500	1.067073	1.001452	478.048584
4418.754368	1.524862	1.001452	1801.628784
4418.755355	1.517157	1.001452	3299.062744
4418.756283	1.476885	1.001452	4669.611816
4418.757158	1.438656	1.001452	5928.435547
4418.758068	1.400768	1.001452	7203.134277
4418.759027	1.062968	1.001452	8222.520508
4418.759955	0.129814	1.001452	8342.988281
4418.760828	0.094984	1.001452	8425.909180
4418.761741	0.094984	1.001452	8512.629883
4418.762684	0.094977	1.001452	8602.193359
4418.763605	0.095006	1.001452	8689.694336
4418.764466	0.095006	1.001452	8771.494141
4418.765425	0.094973	1.001452	8862.573242
4418.766386	0.095010	1.001452	8953.877930
4418.767272	0.095039	1.001452	9038.083008
4418.768151	0.095013	1.001452	9121.599609
4419.780029	1.034978	0.837314	440.900635
4419.780965	1.528147	0.837314	1871.246094
4419.781899	1.516747	0.837314	3287.887695
4419.782824	1.477255	0.837314	4654.348145
4419.783689	1.438330	0.837314	5898.503906
4419.784698	1.397692	0.837314	7308.774902
4419.785630	1.023710	0.837314	8262.872070
4419.786506	0.127958	0.837314	8374.962891
4419.787414	0.094966	0.837314	8461.191406
4419.788377	0.094984	0.837314	8552.661133
4419.789301	0.095017	0.837314	8640.457031
4419.790164	0.095090	0.837314	8722.519531
4419.791083	0.094926	0.837314	8809.755859
4419.792031	0.095006	0.837314	8899.821289
4419.792958	0.095032	0.837314	8987.916016
4419.793833	0.094966	0.837314	9071.010742
4419.794799	0.095032	0.837314	9162.811523
4420.778426	1.026878	1.012538	433.342316
4420.779447	1.526946	1.012538	1992.354004
4420.780505	1.509477	1.012538	3589.381348
4420.781403	1.469011	1.012538	4908.553223
4420.782299	1.429783	1.012538	6189.638672
4420.783397	1.385270	1.012538	7710.665039
4420.784351	0.589406	1.012538	8272.958008
4420.785211	0.098408	1.012538	8357.588867
4420.786247	0.094973	1.012538	8455.981445
4420.787270	0.095057	1.012538	8553.225586
4420.788150	0.095028	1.012538	8636.850586
4420.789095	0.094937	1.012538	8726.565430
4420.790159	0.094918	1.012538	8827.558594
4420.791085	0.094999	1.012538	8915.527344
4420.791942	0.095046	1.012538	8996.982422
4420.792969	0.095002	1.012538	9094.549805
4420.793988	0.094929	1.012538	9191.282227
4421.809589	1.045228	0.828657	436.905396
4421.810648	1.532571	0.828657	2059.897949
4421.811539	1.514608	0.828657	3409.413818
4421.812420	1.476108	0.828657	4709.865234
4421.813405	1.434518	0.828657	6122.865234
4421.814354	1.393909	0.828657	7445.684570
4421.815290	0.909313	0.828657	8296.800781
4421.816156	0.114272	0.828657	8395.760742
4421.817192	0.094907	0.828657	8494.084961
4421.818072	0.095028	0.828657	8577.709961
4421.818937	0.095079	0.828657	8659.953125
4421.819877	0.095046	0.828657	8749.296875
4421.820844	0.095032	0.828657	8841.192383
4421.821753	0.095013	0.828657	8927.559570
4421.822630	0.095010	0.828657	9010.882812
4421.823676	0.094999	0.828657	9110.251953
4421.824586	0.094973	0.828657	9196.677734
4422.803390	1.028097	1.044434	433.856903
4422.804313	1.522863	1.044434	1839.459106
4422.805236	1.517574	1.044434	3240.180176
4422.806174	1.477471	1.044434	4626.047852
4422.807058	1.439425	1.044434	5898.499512
4422.807994	1.400156	1.044434	7209.045898
4422.808951	1.063308	1.044434	8226.631836
4422.809882	0.132400	1.044434	8349.896484
4422.810739	0.094958	1.044434	8431.276367
4422.811690	0.094988	1.044434	8521.609375
4422.812633	0.094988	1.044434	8611.182617
4422.813521	0.094999	1.044434	8695.541992
4422.814391	0.094969	1.044434	8778.165039
4422.815339	0.094969	1.044434	8868.196289
4422.816285	0.094999	1.044434	8958.065430
4422.817178	0.095010	1.044434	9042.909180
4422.818102	0.094915	1.044434	9130.610352
4423.837132	1.041050	0.850193	451.815643
4423.837995	1.524412	0.850193	1767.382935
4423.839020	1.516531	0.850193	3321.826904
4423.840079	1.470820	0.850193	4879.425781
4423.840981	1.431317	0.850193	6170.473633
4423.841842	1.394033	0.850193	7370.736328
4423.842936	0.746770	0.850193	8187.702637
4423.843896	0.098525	0.850193	8282.287109
4423.844776	0.094915	0.850193	8365.811523
4423.845770	0.095046	0.850193	8460.288086
4423.846812	0.095072	0.850193	8559.353516
4423.847710	0.094973	0.850193	8644.639648
4423.848582	0.095028	0.850193	8727.503906
4423.849697	0.095079	0.850193	8833.517578
4423.850647	0.094940	0.850193	8923.710937
4423.851511	0.095035	0.850193	9005.821289
4423.852561	0.095046	0.850193	9105.620117
4424.828386	1.064579	1.056543	492.900024
4424.829276	1.527056	1.056543	1851.979492
4424.830141	1.519768	1.056543	3166.578857
4424.831116	1.478518	1.056543	4608.133789
4424.832071	1.437338	1.056543	5980.791016
4424.832958	1.400109	1.056543	7222.687500
4424.833877	1.110656	1.056543	8243.379883
4424.834812	0.140072	1.056543	8374.347656
4424.835735	0.094863	1.056543	8461.906250
4424.836611	0.095057	1.056543	8545.176758
4424.837519	0.095017	1.056543	8631.452148
4424.838478	0.094995	1.056543	8722.552734
4424.839390	0.095039	1.056543	8809.228516
4424.840262	0.095010	1.056543	8892.077148
4424.841232	0.095065	1.056543	8984.290039
4424.842165	0.095061	1.056543	9072.982422
4424.843076	0.095028	1.056543	9159.552734
4425.865767	1.129010	0.818006	587.085266
4425.866792	1.533841	0.818006	2159.272705
4425.867692	1.511312	0.818006	3519.453613
4425.868564	1.472073	0.818006	4803.101074
4425.869624	1.427248	0.818006	6315.984375
4425.870563	1.388478	0.818006	7619.764648
4425.871443	0.791906	0.818006	8316.641602
4425.872391	0.104894	0.818006	8416.081055
4425.873422	0.094933	0.818006	8513.957031
4425.874309	0.094977	0.818006	8598.201172
4425.875170	0.095050	0.818006	8680.039062
4425.876199	0.095079	0.818006	8777.875977
4425.877145	0.094915	0.818006	8867.665039
4425.878018	0.094980	0.818006	8950.583008
4425.878916	0.094999	0.818006	9035.891602
4425.880004	0.095002	0.818006	9139.253906
4425.880881	0.094944	0.818006	9222.519531
4426.852802	1.030675	1.072552	440.098236
4426.853740	1.523969	1.072552	1869.580811
4426.854682	1.516798	1.072552	3298.404785
4426.855588	1.476625	1.072552	4636.226562
4426.856474	1.438594	1.072552	5910.820801
4426.857424	1.399402	1.072552	7240.252441
4426.858364	1.046774	1.072552	8224.219727
4426.859274	0.128569	1.072552	8341.217773
4426.860133	0.094984	1.072552	8422.809570
4426.861106	0.095043	1.072552	8515.286133
4426.862055	0.095032	1.072552	8605.471680
4426.862942	0.095024	1.072552	8689.758789
4426.863866	0.094955	1.072552	8777.497070
4426.864805	0.094962	1.072552	8866.666992
4426.865732	0.095024	1.072552	8954.754883
4426.866588	0.095032	1.072552	9036.101562
4426.867559	0.094929	1.072552	9128.277344
4427.894248	1.049762	0.804358	493.388153
4427.895206	1.529502	0.804358	1958.651001
4427.896125	1.515663	0.804358	3351.545166
4427.897001	1.477068	0.804358	4645.456543
4427.897942	1.436352	0.804358	5997.064453
4427.898899	1.396729	0.804358	7333.733398
4427.899810	1.005081	0.804358	8249.361328
4427.900685	0.126343	0.804358	8359.911133
4427.901635	0.094951	0.804358	8450.115234
4427.902582	0.094940	0.804358	8540.023437
4427.903471	0.094969	0.804358	8624.451172
4427.904381	0.094962	0.804358	8710.867187
4427.905303	0.094984	0.804358	8798.442383
4427.906242	0.094966	0.804358	8887.615234
4427.907124	0.094948	0.804358	8971.359375
4427.908050	0.094973	0.804358	9059.304687
4427.909002	0.095013	0.804358	9149.757812
4428.879378	1.103906	1.058848	559.680420
4428.880295	1.530359	1.058848	1963.019531
4428.881161	1.516410	1.058848	3276.230469
4428.882225	1.470278	1.058848	4840.606445
4428.883241	1.427234	1.058848	6290.675781
4428.884136	1.389855	1.058848	7534.595703
4428.885113	0.742826	1.058848	8260.336914
4428.886167	0.097705	1.058848	8363.318359
4428.887084	0.095006	1.058848	8450.438477
4428.887946	0.094977	1.058848	8532.308594
4428.889031	0.095123	1.058848	8635.517578
4428.890017	0.094915	1.058848	8729.103516
4428.890909	0.095024	1.058848	8813.865234
4428.891769	0.095035	1.058848	8895.595703
4428.892853	0.095061	1.058848	8998.641602
4428.893757	0.094878	1.058848	9084.411133
4428.894624	0.094966	1.058848	9166.746094
4429.921208	1.040424	0.814187	438.018311
4429.922294	1.531542	0.814187	2101.272705
4429.923290	1.508328	0.814187	3603.566895
4429.924191	1.468821	0.814187	4926.974609
4429.925188	1.426454	0.814187	6349.148926
4429.926256	1.383149	0.814187	7826.352539
4429.927151	0.558354	0.814187	8326.080078
4429.928042	0.097888	0.814187	8413.298828
4429.929139	0.094988	0.814187	8517.500000
4429.930092	0.094933	0.814187	8607.970703
4429.930953	0.094984	0.814187	8689.751953
4429.931987	0.094958	0.814187	8787.939453
4429.933012	0.094878	0.814187	8885.189453
4429.933896	0.094969	0.814187	8969.142578
4429.934827	0.095010	0.814187	9057.596680
4429.935893	0.094944	0.814187	9158.806641
4429.936829	0.094918	0.814187	9247.650391
4430.905782	1.033575	1.031604	435.135254
4430.906763	1.528678	1.031604	1934.768311
4430.907689	1.515780	1.031604	3338.380615
4430.908569	1.477185	1.031604	4638.303711
4430.909516	1.437788	1.031604	5999.889160
4430.910458	1.397886	1.031604	7316.697266
4430.911404	1.011672	1.031604	8273.739258
4430.912260	0.128947	1.031604	8384.117187
4430.913215	0.094878	1.031604	8474.725586
4430.914164	0.094940	1.031604	8564.824219
4430.915090	0.094962	1.031604	8652.758789
4430.915964	0.094962	1.031604	8735.755859
4430.916926	0.094977	1.031604	8827.124023
4430.917873	0.094948	1.031604	8917.039062
4430.918759	0.094944	1.031604	9001.159180
4430.919643	0.094962	1.031604	9085.105469
4430.920580	0.094966	1.031604	9174.088867
4431.947714	1.042031	0.818099	449.115479
4431.948575	1.523591	0.818099	1760.927612
4431.949653	1.514890	0.818099	3393.979004
4431.950537	1.475519	0.818099	4698.337891
4431.951413	1.437777	0.818099	5957.830566
4431.952410	1.397109	0.818099	7350.748535
4431.953345	0.965402	0.818099	8253.399414
4431.954251	0.116572	0.818099	8359.013672
4431.955129	0.094933	0.818099	8442.364258
4431.956141	0.094988	0.818099	8538.492187
4431.957032	0.094991	0.818099	8623.129883
4431.957903	0.095006	0.818099	8705.879883
4431.958821	0.095046	0.818099	8793.132812
4431.959826	0.094973	0.818099	8888.581055
4431.960741	0.094991	0.818099	8975.498047
4431.961601	0.094951	0.818099	9057.156250
4431.962684	0.094926	0.818099	9159.960937
4432.933854	1.087009	1.017678	488.067169
4432.934784	1.528938	1.017678	1909.979492
4432.935667	1.518362	1.017678	3250.692871
4432.936582	1.478093	1.017678	4603.148437
4432.937555	1.436847	1.017678	6001.200195
4432.938486	1.397915	1.017678	7302.659180
4432.939359	1.091924	1.017678	8255.908203
4432.940335	0.133132	1.017678	8385.845703
4432.941233	0.094882	1.017678	8471.049805
4432.942161	0.094980	1.017678	8559.191406
4432.943031	0.094988	1.017678	8641.831055
4432.943993	0.094955	1.017678	8733.177734
4432.944940	0.095002	1.017678	8823.145508
4432.945827	0.095043	1.017678	8907.448242
4432.946730	0.094977	1.017678	8993.211914
4432.947687	0.095017	1.017678	9084.143555
4432.948617	0.095002	1.017678	9172.496094
4433.975333	1.125703	0.792870	581.988525
4433.976293	1.532886	0.792870	2053.558594
4433.977172	1.515048	0.792870	3385.285400
4433.978052	1.474343	0.792870	4682.707520
4433.979165	1.429036	0.792870	6273.224121
4433.980063	1.391440	0.792870	7522.737305
4433.980934	0.902216	0.792870	8308.567383
4433.981998	0.102048	0.792870	8417.146484
4433.982959	0.094889	0.792870	8508.334961
4433.983831	0.094973	0.792870	8591.151367
4433.984708	0.094948	0.792870	8674.419922
4433.985791	0.095006	0.792870	8777.311523
4433.986681	0.094944	0.792870	8861.811523
4433.987553	0.094929	0.792870	8944.589844
4433.988408	0.095013	0.792870	9025.826172
4433.989451	0.094918	0.792870	9124.826172
4433.990344	0.094863	0.792870	9209.539062
4434.959819	1.060690	0.981753	464.582092
4434.960752	1.527946	0.981753	1890.155273
4434.961619	1.518025	0.981753	3206.282715
4434.962671	1.473545	0.981753	4756.452148
4434.963569	1.434529	0.981753	6044.659180
4434.964488	1.396783	0.981753	7328.303223
4434.965359	1.042302	0.981753	8236.148437
4434.966370	0.120458	0.981753	8357.931641
4434.967298	0.094958	0.981753	8446.052734
4434.968172	0.094995	0.981753	8529.078125
4434.969100	0.094988	0.981753	8617.226562
4434.970016	0.094969	0.981753	8704.218750
4434.970948	0.094969	0.981753	8792.730469
4434.971839	0.094885	0.981753	8877.273437
4434.972748	0.094937	0.981753	8963.570312
4434.973700	0.094940	0.981753	9053.953125
4434.974588	0.094926	0.981753	9138.247070
4436.000241	1.092041	0.752913	519.811523
4436.001125	1.528151	0.752913	1870.696655
4436.001986	1.519091	0.752913	3178.633545
4436.002971	1.477500	0.752913	4633.970703
4436.003896	1.437623	0.752913	5963.772461
4436.004791	1.400365	0.752913	7217.099121
4436.005708	1.114570	0.752913	8239.160156
4436.006654	0.135560	0.752913	8367.400391
4436.007582	0.094827	0.752913	8455.399414
4436.008470	0.095028	0.752913	8539.784180
4436.009405	0.094940	0.752913	8628.553711
4436.010363	0.094955	0.752913	8719.520508
4436.011235	0.094984	0.752913	8802.346680
4436.012182	0.095021	0.752913	8892.331055
4436.013115	0.094933	0.752913	8980.903320
4436.014058	0.095010	0.752913	9070.497070
4436.014949	0.094999	0.752913	9155.140625
4436.988350	1.039105	0.933668	443.697906
4436.989225	1.523478	0.933668	1776.740967
4436.990166	1.518812	0.933668	3205.943359
4436.991123	1.477734	0.933668	4620.135254
4436.992052	1.437843	0.933668	5955.891602
4436.992918	1.400793	0.933668	7168.978516
4436.993875	1.088251	0.933668	8210.434570
4436.994814	0.134788	0.933668	8337.000000
4436.995695	0.094819	0.933668	8420.536133
4436.996628	0.095006	0.933668	8509.176758
4436.997569	0.094966	0.933668	8598.540039
4436.998494	0.094958	0.933668	8686.376953
4436.999357	0.094900	0.933668	8768.275391
4437.000329	0.094991	0.933668	8860.607422
4437.001284	0.094980	0.933668	8951.313477
4437.002177	0.095054	0.933668	9036.196289
4437.003104	0.094988	0.933668	9124.250000
4438.026186	1.048370	0.721282	460.234589
4438.027064	1.525514	0.721282	1799.635864
4438.027927	1.520515	0.721282	3111.840332
4438.028995	1.476200	0.721282	4688.421875
4438.029873	1.437876	0.721282	5950.876953
4438.030753	1.401354	0.721282	7184.068359
4438.031733	1.035040	0.721282	8198.408203
4438.032673	0.124340	0.721282	8315.287109
4438.033595	0.094849	0.721282	8402.737305
4438.034455	0.094944	0.721282	8484.388672
4438.035486	0.094966	0.721282	8582.298828
4438.036381	0.094911	0.721282	8667.244141
4438.037251	0.094991	0.721282	8749.886719
4438.038144	0.095002	0.721282	8834.723633
4438.039171	0.094962	0.721282	8932.250000
4438.040052	0.094980	0.721282	9015.927734
4438.040924	0.095028	0.721282	9098.791992
4439.015883	1.037824	0.931299	454.566711
4439.016746	1.523511	0.931299	1769.356445
4439.017796	1.515165	0.931299	3360.279541
4439.018825	1.470344	0.931299	4873.263672
4439.019703	1.432126	0.931299	6130.670898
4439.020658	1.392916	0.931299	7460.905762
4439.021708	0.706677	0.931299	8202.916992
4439.022635	0.099075	0.931299	8294.758789
4439.023501	0.094984	0.931299	8377.014648
4439.024561	0.095072	0.931299	8477.791016
4439.025561	0.095068	0.931299	8572.859375
4439.026459	0.094991	0.931299	8658.162109
4439.027422	0.095061	0.931299	8749.706055
4439.028476	0.094991	0.931299	8849.827148
4439.029391	0.094980	0.931299	8936.734375
4439.030251	0.095002	0.931299	9018.436523
4439.031313	0.095072	0.931299	9119.403320
4440.050179	1.121741	0.702679	547.409485
4440.051066	1.529198	0.702679	1903.808105
4440.051929	1.518757	0.702679	3214.495605
4440.052898	1.477321	0.702679	4646.019043
4440.053843	1.436418	0.702679	6003.434570
4440.054742	1.399028	0.702679	7261.161133
4440.055661	1.067677	0.702679	8242.356445
4440.056621	0.127544	0.702679	8364.798828
4440.057543	0.094808	0.702679	8452.211914
4440.058414	0.094962	0.702679	8534.923828
4440.059370	0.094988	0.702679	8625.732422
4440.060294	0.094969	0.702679	8713.484375
4440.061222	0.095002	0.702679	8801.646484
4440.062087	0.094926	0.702679	8883.756836
4440.063060	0.094885	0.702679	8976.080078
4440.064011	0.094915	0.702679	9066.343750
4440.064881	0.094878	0.702679	9148.887695
4441.044937	1.047338	0.856380	457.686554
4441.045798	1.523599	0.856380	1769.505005
4441.046784	1.517816	0.856380	3266.071777
4441.047726	1.476577	0.856380	4657.007324
4441.048623	1.437967	0.856380	5946.864258
4441.049541	1.399742	0.856380	7231.828125
4441.050514	1.031294	0.856380	8235.277344
4441.051445	0.121597	0.856380	8348.483398
4441.052318	0.094819	0.856380	8431.260742
4441.053288	0.094915	0.856380	8523.328125
4441.054201	0.094940	0.856380	8610.008789
4441.055120	0.094973	0.856380	8697.289062
4441.055978	0.094948	0.856380	8778.753906
4441.056942	0.094948	0.856380	8870.283203
4441.057893	0.094966	0.856380	8960.595703
4441.058762	0.094926	0.856380	9043.085937
4441.059671	0.094907	0.856380	9129.356445
4442.074179	1.151971	0.681994	625.520447
4442.075205	1.534036	0.681994	2199.441162
4442.076085	1.511100	0.681994	3529.208984
4442.077061	1.468766	0.681994	4962.724609
4442.078107	1.423784	0.681994	6452.002930
4442.079027	1.385464	0.681994	7726.629883
4442.079894	0.694479	0.681994	8328.743164
4442.080976	0.097137	0.681994	8433.845703
4442.081973	0.094969	0.681994	8528.530273
4442.082838	0.094918	0.681994	8610.634766
4442.083803	0.095028	0.681994	8702.336914
4442.084854	0.094958	0.681994	8802.138672
4442.085757	0.094937	0.681994	8887.866211
4442.086625	0.094900	0.681994	8970.239258
4442.087695	0.094977	0.681994	9071.864258
4442.088679	0.094940	0.681994	9165.285156
4442.089570	0.094955	0.681994	9249.889648
4443.071963	1.073588	0.834998	482.040802
4443.072845	1.526096	0.834998	1828.057617
4443.073857	1.515439	0.834998	3361.682129
4443.074918	1.469659	0.834998	4920.990723
4443.075806	1.430801	0.834998	6191.541992
4443.076679	1.392905	0.834998	7407.548340
4443.077790	0.704623	0.834998	8190.384277
4443.078741	0.098126	0.834998	8283.702148
4443.079598	0.094871	0.834998	8365.005859
4443.080625	0.094995	0.834998	8462.565430
4443.081667	0.095010	0.834998	8561.565430
4443.082557	0.094926	0.834998	8646.048828
4443.083474	0.094948	0.834998	8733.115234
4443.084540	0.094984	0.834998	8834.368164
4443.085490	0.094933	0.834998	8924.554687
4443.086359	0.095013	0.834998	9007.121094
4443.087407	0.095017	0.834998	9106.699219
4444.099513	1.028661	0.665538	433.066223
4444.100524	1.528938	0.665538	1978.822510
4444.101565	1.510334	0.665538	3551.080566
4444.102467	1.470264	0.665538	4877.258301
4444.103383	1.430680	0.665538	6187.761230
4444.104461	1.386215	0.665538	7682.100586
4444.105407	0.633219	0.665538	8281.125977
4444.106274	0.098939	0.665538	8366.906250
4444.107333	0.094911	0.665538	8467.416992
4444.108346	0.094871	0.665538	8563.520508
4444.109234	0.094904	0.665538	8647.794922
4444.110192	0.095046	0.665538	8738.849609
4444.111245	0.094918	0.665538	8838.798828
4444.112179	0.095013	0.665538	8927.541016
4444.113037	0.094988	0.665538	9009.041016
4444.114109	0.095043	0.665538	9110.926758
4444.115105	0.094929	0.665538	9205.476562
4445.100044	1.074174	0.826530	545.680176
4445.101094	1.532435	0.826530	2154.737305
4445.102035	1.509045	0.826530	3574.749023
4445.102918	1.469861	0.826530	4872.636230
4445.103886	1.429303	0.826530	6256.201660
4445.104902	1.386899	0.826530	7665.291504
4445.105796	0.709841	0.826530	8299.889648
4445.106656	0.101675	0.826530	8387.330078
4445.107712	0.094980	0.826530	8487.629883
4445.108631	0.095024	0.826530	8574.957031
4445.109496	0.095057	0.826530	8657.181641
4445.110419	0.094991	0.826530	8744.858398
4445.111473	0.094973	0.826530	8844.959961
4445.112365	0.094988	0.826530	8929.689453
4445.113232	0.095054	0.826530	9012.100586
4445.114247	0.095134	0.826530	9108.662109
4445.115202	0.094937	0.826530	9199.326172
4446.123982	1.058551	0.669945	465.762482
4446.124856	1.525217	0.669945	1798.802368
4446.125798	1.518768	0.669945	3229.481934
4446.126760	1.477562	0.669945	4650.896973
4446.127652	1.438953	0.669945	5934.442383
4446.128590	1.400288	0.669945	7247.912598
4446.129554	1.043628	0.669945	8253.969727
4446.130465	0.126680	0.669945	8369.375000
4446.131345	0.094834	0.669945	8452.829102
4446.132278	0.094922	0.669945	8541.391602
4446.133220	0.094933	0.669945	8630.818359
4446.134146	0.094962	0.669945	8718.752930
4446.135007	0.094871	0.669945	8800.436523
4446.135976	0.094918	0.669945	8892.412109
4446.136923	0.094907	0.669945	8982.289062
4446.137821	0.094991	0.669945	9067.591797
4446.138742	0.094995	0.669945	9155.082031
4447.127564	1.098069	0.807098	551.230530
4447.128486	1.530645	0.807098	1962.484863
4447.129349	1.516963	0.807098	3271.623779
4447.130409	1.471461	0.807098	4831.372559
4447.131431	1.427853	0.807098	6290.638184
4447.132310	1.390924	0.807098	7513.260254
4447.133293	0.744591	0.807098	8245.193359
4447.134353	0.097614	0.807098	8348.664062
4447.135263	0.094915	0.807098	8435.036133
4447.136132	0.095006	0.807098	8517.596680
4447.137211	0.095061	0.807098	8620.167969
4447.138203	0.094980	0.807098	8714.388672
4447.139092	0.095046	0.807098	8798.884766
4447.140069	0.095013	0.807098	8891.712891
4447.141116	0.095035	0.807098	8991.214844
4447.142015	0.094988	0.807098	9076.608398
4447.142875	0.095039	0.807098	9158.341797
4448.148966	1.046814	0.676060	482.581238
4448.149878	1.528894	0.676060	1876.932617
4448.150801	1.517560	0.676060	3277.640381
4448.151683	1.478947	0.676060	4582.071289
4448.152621	1.438048	0.676060	5930.960449
4448.153583	1.398472	0.676060	7276.290039
4448.154515	1.048275	0.676060	8253.282227
4448.155370	0.135992	0.676060	8369.555664
4448.156314	0.094900	0.676060	8459.141602
4448.157247	0.094948	0.676060	8547.727539
4448.158123	0.095021	0.676060	8630.965820
4448.159041	0.094937	0.676060	8718.117187
4448.159985	0.094933	0.676060	8807.733398
4448.160900	0.094980	0.676060	8894.640625
4448.161761	0.094958	0.676060	8976.399414
4448.162725	0.095006	0.676060	9067.985352
4448.163671	0.095024	0.676060	9157.878906
4449.154492	1.028185	0.796866	433.893982
4449.155434	1.524763	0.796866	1870.220947
4449.156349	1.517454	0.796866	3258.690918
4449.157273	1.477657	0.796866	4624.046387
4449.158152	1.439015	0.796866	5888.940430
4449.159118	1.399556	0.796866	7240.911133
4449.160075	1.051381	0.796866	8247.082031
4449.160967	0.129130	0.796866	8362.265625
4449.161857	0.094885	0.796866	8446.713867
4449.162805	0.094922	0.796866	8536.700195
4449.163746	0.094988	0.796866	8626.083984
4449.164628	0.094973	0.796866	8709.850586
4449.165563	0.095002	0.796866	8798.677734
4449.166516	0.094955	0.796866	8889.169922
4449.167382	0.094863	0.796866	8971.321289
4449.168272	0.094951	0.796866	9055.828125
4449.169215	0.094969	0.796866	9145.384766
4450.174444	1.079227	0.674304	509.395294
4450.175318	1.527466	0.674304	1844.400391
4450.176187	1.519757	0.674304	3165.069336
4450.177263	1.473988	0.674304	4751.080566
4450.178189	1.433939	0.674304	6078.908203
4450.179077	1.397205	0.674304	7319.625977
4450.180046	0.938298	0.674304	8228.836914
4450.181070	0.104403	0.674304	8335.746094
4450.181965	0.094995	0.674304	8420.766602
4450.182825	0.094988	0.674304	8502.456055
4450.183896	0.095098	0.674304	8604.305664
4450.184832	0.094980	0.674304	8693.207031
4450.185702	0.095039	0.674304	8775.890625
4450.186661	0.095068	0.674304	8867.061523
4450.187678	0.095087	0.674304	8963.764648
4450.188562	0.094995	0.674304	9047.740234
4450.189425	0.095024	0.674304	9129.746094
4451.182066	1.110784	0.736880	532.065369
4451.183041	1.531359	0.736880	2025.139893
4451.183977	1.513715	0.736880	3441.976562
4451.184850	1.474416	0.736880	4729.142090
4451.185821	1.433536	0.736880	6121.105957
4451.186773	1.394150	0.736880	7448.336914
4451.187673	0.951522	0.736880	8304.707031
4451.188585	0.118942	0.736880	8413.181641
4451.189525	0.094929	0.736880	8502.415039
4451.190451	0.095032	0.736880	8590.414062
4451.191320	0.095039	0.736880	8673.002930
4451.192230	0.095028	0.736880	8759.478516
4451.193187	0.095024	0.736880	8850.416992
4451.194104	0.095054	0.736880	8937.581055
4451.194985	0.095076	0.736880	9021.342773
4451.195961	0.095065	0.736880	9114.125977
4451.196878	0.095028	0.736880	9201.266602
4452.200464	1.100537	0.694655	557.972351
4452.201377	1.530908	0.694655	1955.691650
4452.202238	1.517128	0.694655	3261.938477
4452.203314	1.470894	0.694655	4844.620117
4452.204319	1.427589	0.694655	6279.347168
4452.205217	1.390818	0.694655	7528.301758
4452.206202	0.727965	0.694655	8245.347656
4452.207247	0.097723	0.694655	8347.468750
4452.208144	0.094999	0.694655	8432.682617
4452.209005	0.095010	0.694655	8514.486328
4452.210108	0.095083	0.694655	8619.363281
4452.211092	0.094958	0.694655	8712.802734
4452.211959	0.095021	0.694655	8795.185547
4452.213050	0.095050	0.694655	8898.884766
4452.214089	0.095046	0.694655	8997.637695
4452.214975	0.094977	0.694655	9081.787109
4452.215836	0.095032	0.694655	9163.609375
4453.208005	1.054581	0.730789	460.852020
4453.208934	1.528286	0.730789	1880.630005
4453.209804	1.518505	0.730789	3201.729004
4453.210859	1.473995	0.730789	4756.793945
4453.211757	1.435144	0.730789	6045.553223
4453.212638	1.398669	0.730789	7277.780762
4453.213652	0.935127	0.730789	8226.000000
4453.214582	0.112906	0.730789	8331.002930
4453.215507	0.094973	0.730789	8418.853516
4453.216368	0.095046	0.730789	8500.688477
4453.217387	0.094995	0.730789	8597.488281
4453.218279	0.095013	0.730789	8682.240234
4453.219152	0.095035	0.730789	8765.206055
4453.220096	0.095024	0.730789	8854.909180
4453.221063	0.094980	0.730789	8946.754883
4453.221966	0.094948	0.730789	9032.492187
4453.222838	0.095050	0.730789	9115.375977
4454.227394	1.035293	0.660318	442.070099
4454.228312	1.525144	0.660318	1842.152222
4454.229279	1.516582	0.660318	3308.687012
4454.230211	1.476112	0.660318	4684.423340
4454.231091	1.437993	0.660318	5949.857422
4454.232049	1.398585	0.660318	7289.702148
4454.232994	1.011262	0.660318	8245.344727
4454.233900	0.121274	0.660318	8355.219727
4454.234763	0.094823	0.660318	8437.051758
4454.235744	0.094958	0.660318	8530.206055
4454.236687	0.094980	0.660318	8619.772461
4454.237573	0.094973	0.660318	8703.918945
4454.238502	0.095028	0.660318	8792.200195
4454.239464	0.095013	0.660318	8883.603516
4454.240365	0.094988	0.660318	8969.187500
4454.241240	0.094933	0.660318	9052.253906
4454.242160	0.094896	0.660318	9139.558594
4455.233973	1.034125	0.751362	433.298248
4455.234937	1.528154	0.751362	1906.438965
4455.235863	1.516985	0.751362	3311.166992
4455.236745	1.478383	0.751362	4615.100586
4455.237659	1.438528	0.751362	5929.915039
4455.238634	1.398373	0.751362	7293.328613
4455.239573	1.037498	0.751362	8267.539062
4455.240437	0.133561	0.751362	8382.935547
4455.241416	0.094966	0.751362	8475.907227
4455.242329	0.094948	0.751362	8562.594727
4455.243244	0.094991	0.751362	8649.511719
4455.244121	0.094980	0.751362	8732.809570
4455.245081	0.095054	0.751362	8824.061523
4455.246033	0.094958	0.751362	8914.461914
4455.246925	0.095043	0.751362	8999.240234
4455.247832	0.095043	0.751362	9085.444336
4455.248796	0.094988	0.751362	9177.012695
4456.254409	1.049908	0.663702	457.760071
4456.255281	1.524946	0.663702	1787.513184
4456.256276	1.517289	0.663702	3297.215576
4456.257257	1.473724	0.663702	4742.939453
4456.258156	1.435580	0.663702	6033.525391
4456.259023	1.397900	0.663702	7245.504883
4456.260123	0.852488	0.663702	8183.241211
4456.261039	0.105103	0.663702	8279.515625
4456.261918	0.094860	0.663702	8362.897461
4456.262904	0.094955	0.663702	8456.522461
4456.263902	0.094977	0.663702	8551.309570
4456.264787	0.094911	0.663702	8635.305664
4456.265659	0.095024	0.663702	8718.166992
4456.266647	0.095006	0.663702	8812.033203
4456.267581	0.094988	0.663702	8900.751953
4456.268497	0.094988	0.663702	8987.760742
4456.269357	0.094999	0.663702	9069.459961
4457.259500	1.052135	0.726076	486.086365
4457.260389	1.526957	0.726076	1843.551025
4457.261274	1.519252	0.726076	3188.088867
4457.262211	1.477819	0.726076	4572.804687
4457.263169	1.437206	0.726076	5949.647949
4457.264063	1.400094	0.726076	7201.332031
4457.264981	1.091239	0.726076	8203.089844
4457.265940	0.134308	0.726076	8331.890625
4457.266839	0.094922	0.726076	8417.225586
4457.267752	0.094984	0.726076	8503.946289
4457.268679	0.094907	0.726076	8591.924805
4457.269617	0.094948	0.726076	8680.985352
4457.270492	0.094958	0.726076	8764.074219
4457.271421	0.094991	0.726076	8852.321289
4457.272366	0.094969	0.726076	8942.067383
4457.273266	0.094922	0.726076	9027.497070
4457.274142	0.094948	0.726076	9110.670898
4458.281921	1.030671	0.651637	439.066010
4458.282791	1.524309	0.651637	1765.214844
4458.283710	1.521621	0.651637	3163.584473
4458.284634	1.480034	0.651637	4531.135742
4458.285588	1.439557	0.651637	5904.473145
4458.286480	1.402233	0.651637	7155.264648
4458.287415	1.124667	0.651637	8206.828125
4458.288374	0.144946	0.651637	8345.832031
4458.289248	0.094940	0.651637	8428.809570
4458.290163	0.094973	0.651637	8515.709961
4458.291097	0.094958	0.651637	8604.401367
4458.292033	0.094955	0.651637	8693.279297
4458.292921	0.094991	0.651637	8777.631836
4458.293830	0.094995	0.651637	8863.982422
4458.294789	0.094911	0.651637	8955.001953
4458.295704	0.094973	0.651637	9041.902344
4458.296566	0.094926	0.651637	9123.728516
4459.285564	1.154476	0.708795	639.579834
4459.286628	1.533812	0.708795	2271.556152
4459.287517	1.508793	0.708795	3612.873047
4459.288384	1.468762	0.708795	4886.290039
4459.289490	1.423132	0.708795	6460.274414
4459.290452	1.383831	0.708795	7791.519531
4459.291322	0.639148	0.708795	8347.578125
4459.292351	0.097244	0.708795	8447.641602
4459.293385	0.095013	0.708795	8545.885742
4459.294265	0.095061	0.708795	8629.539062
4459.295184	0.095043	0.708795	8716.883789
4459.296254	0.095105	0.708795	8818.646484
4459.297195	0.095017	0.708795	8908.057617
4459.298054	0.095054	0.708795	8989.708984
4459.299083	0.094999	0.708795	9087.462891
4459.300108	0.094929	0.708795	9184.765625
4459.300997	0.095028	0.708795	9269.245117
