time (s)	theta (A)	maj axis/z0	min axis/z0	crossing#mod 255
8845.834725	39.994297	0.493963	0.094161	89
8847.870036	12.501348	0.275378	0.100000	91
8848.826875	243.535736	0.302344	0.100000	93
8850.293709	136.808182	0.080480	0.100000	95
8851.935551	38.327618	0.517999	0.092687	97
8853.959012	38.176830	0.532958	0.086739	99
8855.993629	38.007549	0.548293	0.083738	101
8858.017262	37.870247	0.561633	0.080455	103
8860.050654	37.922932	0.576760	0.077274	105
8862.071492	37.812016	0.593082	0.074571	107
8864.093733	37.843140	0.608421	0.071637	109
8866.117401	38.199898	0.622469	0.069585	111
8868.141491	38.870079	0.634104	0.067974	113
8870.160879	39.493050	0.645565	0.066848	115
8872.183629	40.000992	0.655929	0.066110	117
8874.212646	40.285854	0.667431	0.065678	119
8876.240499	40.215588	0.682740	0.064755	121
8878.274902	39.803829	0.701130	0.062865	123
8880.308945	39.180756	0.722075	0.061246	125
8882.346082	38.519753	0.745431	0.059667	127
8884.382025	37.854885	0.769884	0.058421	129
8886.416794	37.438744	0.792898	0.057035	131
8888.448958	37.225464	0.815665	0.055796	133
8890.479968	37.154812	0.836284	0.054332	135
8892.509365	37.142883	0.855675	0.053078	137
8894.536726	37.170662	0.873678	0.051824	139
8896.563318	37.227165	0.890947	0.050690	141
8898.587596	37.258640	0.907484	0.049297	143
8900.611584	37.272099	0.920579	0.047892	145
8902.636110	37.375732	0.929782	0.046614	147
8904.661135	37.419586	0.937157	0.045687	149
8906.688593	37.398857	0.946861	0.044169	151
8908.717041	37.301331	0.961239	0.042903	153
8910.747199	37.265045	0.976301	0.041457	155
8912.777598	37.229969	0.994387	0.040397	157
8914.808496	37.146927	1.014026	0.039228	159
8916.838237	37.031689	1.033578	0.037839	161
8918.867946	36.890835	1.051329	0.036939	163
8920.896703	36.815392	1.066959	0.036236	165
8922.925679	36.730457	1.080672	0.035574	167
8924.953919	36.645943	1.093006	0.035078	169
8926.982022	36.583527	1.105251	0.034488	171
8929.009196	36.546928	1.115480	0.034163	173
8931.036295	36.597240	1.124801	0.034091	175
8933.061757	36.644905	1.132708	0.033618	177
8935.086671	36.794365	1.140804	0.033500	179
8937.111314	36.981430	1.144317	0.033316	181
8939.135646	37.217239	1.145190	0.033226	183
8941.160170	37.464119	1.145251	0.033172	185
8943.185523	37.630188	1.146280	0.033032	187
8945.212172	37.729195	1.149585	0.033084	189
8947.239473	37.719738	1.155143	0.033168	191
8949.268020	37.582188	1.165603	0.033325	193
8951.297697	37.361183	1.176490	0.033361	195
8953.327159	37.136875	1.188796	0.033507	197
8955.355802	36.955120	1.200681	0.033686	199
8957.384073	36.850071	1.211433	0.033821	201
8959.411854	36.789764	1.220909	0.033723	203
8961.438331	36.807236	1.230315	0.033537	205
8963.463007	36.859482	1.235356	0.033698	207
8965.487163	36.934246	1.234277	0.033792	209
8967.510236	37.000034	1.230752	0.033989	211
8969.533280	37.011635	1.229022	0.034290	213
8971.555732	37.017429	1.223208	0.034233	215
8973.578666	37.009254	1.218699	0.033915	217
8975.601615	37.026257	1.214537	0.033874	219
8977.626298	36.995819	1.212668	0.033629	221
8979.651228	37.038128	1.211188	0.033476	223
8981.677650	37.031181	1.212188	0.033092	225
8983.704871	37.039005	1.212046	0.032604	227
8985.732320	37.014854	1.213493	0.031934	229
8987.759406	37.004082	1.213985	0.031725	231
8989.786513	37.013451	1.214988	0.031636	233
8991.813016	37.008156	1.214357	0.031667	235
8993.838262	37.012241	1.214504	0.031269	237
8995.863710	37.072330	1.214050	0.031285	239
8997.888351	37.129864	1.211729	0.031467	241
8999.912946	37.209751	1.209015	0.031381	243
9001.936440	37.342972	1.205798	0.031482	245
9003.959769	37.470383	1.202134	0.031888	247
9005.983652	37.637974	1.197636	0.031979	249
9008.007103	37.807034	1.192012	0.032312	251
9010.031676	37.918827	1.188067	0.032506	253
9012.056499	38.003098	1.183755	0.032769	255
9014.082094	38.041615	1.181291	0.033061	1
9016.109002	37.992443	1.179747	0.033227	3
9018.136297	37.839890	1.179510	0.033229	5
9020.164012	37.786484	1.180920	0.033777	7
9022.192013	37.594334	1.181715	0.032955	9
9024.219397	37.515259	1.181951	0.033548	11
9026.246121	37.459373	1.182480	0.033698	13
9028.271743	37.438923	1.181418	0.033928	15
9030.297356	37.470650	1.181187	0.034113	17
9032.321541	37.520676	1.179715	0.034118	19
9034.345570	37.550434	1.177400	0.033997	21
9036.368811	37.597107	1.174945	0.033815	23
9038.391812	37.659367	1.171445	0.033361	25
9040.415082	37.642982	1.167996	0.033534	27
9042.438410	37.662540	1.163103	0.033418	29
9044.462591	37.645447	1.160566	0.032972	31
9046.487397	37.679913	1.158970	0.033024	33
9048.512911	37.667126	1.158412	0.032642	35
9050.539275	37.708332	1.158030	0.032426	37
9052.565025	37.686512	1.158402	0.032027	39
9054.591947	37.680077	1.160191	0.031751	41
9056.618394	37.671627	1.161222	0.031488	43
9058.644472	37.706322	1.161476	0.031418	45
9060.670280	37.740944	1.161433	0.031069	47
9062.695675	37.762699	1.158599	0.031485	49
9064.720856	37.811710	1.157098	0.031381	51
9066.745565	37.899216	1.154366	0.031502	53
9068.769227	38.049236	1.151240	0.031331	55
9070.793612	38.117733	1.147154	0.031351	57
9072.817390	38.268501	1.143349	0.031393	59
9074.841620	38.377609	1.140411	0.031725	61
9076.866369	38.520660	1.136533	0.032097	63
9078.891654	38.542904	1.135019	0.032229	65
9080.917804	38.567219	1.132077	0.032681	67
9082.944441	38.563766	1.132214	0.032955	69
9084.971265	38.437714	1.132424	0.032830	71
9086.999006	38.360989	1.132528	0.033122	73
9089.028783	38.244709	1.133182	0.033108	75
9091.053136	38.218872	1.132801	0.032852	77
9093.079676	38.155544	1.132304	0.032742	79
9095.104989	38.149532	1.132087	0.032964	81
9097.130060	38.158386	1.131036	0.032830	83
9099.154306	38.194813	1.129429	0.032681	85
9101.177976	38.241322	1.127444	0.032711	87
9103.201392	38.274529	1.124680	0.032434	89
