crossing time (s)	slope (V/s)	crossing number
8845.793264	-0.059264	7769
8846.802692	0.055746	7770
8847.860865	2.115291	7771
8848.280814	3.442210	7772
8848.806007	0.777641	7773
8849.903632	0.262113	7774
8850.289284	2.920536	7775
8850.854092	0.921813	7776
8851.940602	2.030832	7777
8852.868315	1.294904	7778
8853.972246	1.528827	7779
8854.921969	1.478654	7780
8855.998013	1.771024	7781
8856.946099	1.514847	7782
8858.032448	2.297862	7783
8858.995102	1.337484	7784
8860.064236	1.546322	7785
8861.031924	1.123026	7786
8862.067804	3.722366	7787
8863.048265	1.568682	7788
8864.094215	2.580831	7789
8865.080041	2.309430	7790
8866.093724	1.853596	7791
8867.124173	3.124719	7792
8868.136646	2.692055	7793
8869.182293	1.760879	7794
8870.150026	2.141398	7795
8871.195309	2.085466	7796
8872.171747	1.897293	7797
8873.244324	3.228044	7798
8874.212728	2.581020	7799
8875.280146	3.504729	7800
8876.244406	2.512426	7801
8877.307828	3.963312	7802
8878.278143	2.406329	7803
8879.329076	4.441455	7804
8880.307270	2.765310	7805
8881.349967	3.869285	7806
8882.339806	3.244512	7807
8883.372111	3.791527	7808
8884.381239	4.134839	7809
8885.398752	3.644345	7810
8886.418351	3.585010	7811
8887.426653	4.117002	7812
8888.450319	3.715111	7813
8889.453642	4.814537	7814
8890.480914	3.630449	7815
8891.482036	4.851193	7816
8892.507061	4.440714	7817
8893.510863	5.292456	7818
8894.534050	4.523238	7819
8895.541060	5.122875	7820
8896.560909	4.283811	7821
8897.574936	5.546353	7822
8898.587896	4.615054	7823
8899.607442	5.448785	7824
8900.610371	4.701384	7825
8901.641477	5.078984	7826
8902.635757	4.705488	7827
8903.676019	4.730566	7828
8904.661571	4.662920	7829
8905.709795	6.015954	7830
8906.688588	5.159836	7831
8907.738152	6.753730	7832
8908.716371	5.633799	7833
8909.766304	7.581379	7834
8910.745764	6.293922	7835
8911.793554	7.566508	7836
8912.777810	6.910003	7837
8913.816919	7.074100	7838
8914.809788	7.673853	7839
8915.841547	6.374071	7840
8916.837741	7.839103	7841
8917.865109	6.247262	7842
8918.867857	7.833543	7843
8919.888181	6.233001	7844
8920.896072	7.797042	7845
8921.917396	6.574966	7846
8922.925194	7.585050	7847
8923.942209	7.018901	7848
8924.953388	7.172935	7849
8925.969583	7.207905	7850
8926.982006	6.693243	7851
8927.997195	7.401551	7852
8929.008523	6.787457	7853
8930.024774	7.844552	7854
8931.037070	6.740691	7855
8932.054851	8.002937	7856
8933.061104	6.606409	7857
8934.082152	8.034878	7858
8935.087168	7.026724	7859
8936.111051	8.084282	7860
8937.111528	7.378763	7861
8938.141461	8.190658	7862
8939.135768	7.628351	7863
8940.171779	7.946120	7864
8941.160169	7.946963	7865
8942.200398	8.255253	7866
8943.185634	8.266094	7867
8944.231675	9.071976	7868
8945.213152	8.205638	7869
8946.256704	9.777627	7870
8947.239189	8.159801	7871
8948.284082	10.090042	7872
8949.267153	8.476698	7873
8950.307641	9.961847	7874
8951.299131	8.583701	7875
8952.331522	9.753312	7876
8953.329455	8.452579	7877
8954.354231	9.269711	7878
8955.356952	8.433567	7879
8956.379693	8.873408	7880
8957.384684	8.914351	7881
8958.404687	8.986529	7882
8959.413728	9.124670	7883
8960.430134	8.986456	7884
8961.439092	8.036041	7885
8962.454692	8.712258	7886
8963.462611	8.843071	7887
8964.480082	9.241067	7888
8965.488515	9.412301	7889
8966.507853	9.489539	7890
8967.510157	9.060822	7891
8968.534820	9.234072	7892
8969.533113	9.236703	7893
8970.558953	9.376701	7894
8971.555783	9.360370	7895
8972.588927	9.210178	7896
8973.577660	9.118174	7897
8974.616001	9.029855	7898
8975.600923	9.250328	7899
8976.643200	8.672845	7900
8977.626142	9.014904	7901
8978.668334	8.595490	7902
8979.650232	8.839007	7903
8980.693840	8.676874	7904
8981.677927	8.823124	7905
8982.718417	8.530246	7906
8983.704570	8.681004	7907
8984.742571	8.661403	7908
8985.731888	8.331004	7909
8986.765606	8.823994	7910
8987.759267	8.730655	7911
8988.788887	8.438377	7912
8989.786667	8.874644	7913
8990.813812	8.800780	7914
8991.814461	8.949022	7915
8992.837447	8.586903	7916
8993.838918	8.981177	7917
8994.863713	8.557770	7918
8995.863815	9.158768	7919
8996.888460	8.602131	7920
8997.888496	9.048685	7921
8998.916375	8.577107	7922
8999.914715	8.817820	7923
9000.940731	8.548826	7924
9001.936593	9.122160	7925
9002.968566	8.563027	7926
9003.959501	8.787538	7927
9004.995833	8.781466	7928
9005.984266	8.780238	7929
9007.022303	8.597674	7930
9008.006335	8.810165	7931
9009.049470	8.619234	7932
9010.031606	8.591611	7933
9011.074935	8.653186	7934
9012.056967	8.465329	7935
9013.101828	8.531072	7936
9014.081390	8.346753	7937
9015.124809	8.381987	7938
9016.109069	8.314137	7939
9017.147596	8.405796	7940
9018.136498	8.120423	7941
9019.173128	8.410739	7942
9020.163819	8.173690	7943
9021.193828	8.395654	7944
9022.193161	8.046681	7945
9023.216350	8.252745	7946
9024.219559	8.060229	7947
9025.242360	8.238551	7948
9026.247107	8.017036	7949
9027.265309	8.117297	7950
9028.271004	7.976624	7951
9029.290724	8.150101	7952
9030.297600	8.091723	7953
9031.316922	8.203961	7954
9032.320648	7.970931	7955
9033.342924	8.048345	7956
9034.346660	8.004898	7957
9035.370303	8.132928	7958
9036.368819	8.109592	7959
9037.397982	8.111908	7960
9038.391298	7.799334	7961
9039.425393	8.122043	7962
9040.416226	8.026687	7963
9041.453741	8.216014	7964
9042.438157	8.014271	7965
9043.479046	8.199223	7966
9044.462200	7.951284	7967
9045.505601	8.217097	7968
9046.487761	8.114888	7969
9047.531104	8.097507	7970
9048.512358	8.079818	7971
9049.556193	8.165997	7972
9050.540126	7.961920	7973
9051.585542	8.275671	7974
9052.564045	8.023811	7975
9053.605184	7.861207	7976
9054.592687	8.214083	7977
9055.627459	7.966237	7978
9056.618488	8.114927	7979
9057.652299	7.809533	7980
9058.644759	8.553199	7981
9059.677180	7.681759	7982
9060.670131	8.067945	7983
9061.700538	7.934167	7984
9062.695580	8.077272	7985
9063.727587	7.873286	7986
9064.721169	8.189657	7987
9065.752635	7.920217	7988
9066.746672	8.095824	7989
9067.779811	7.770807	7990
9068.768382	7.958746	7991
9069.805649	7.929581	7992
9070.794352	7.970343	7993
9071.833546	7.820056	7994
9072.816611	7.912576	7995
9073.860585	7.829135	7996
9074.840834	7.666537	7997
9075.884702	7.851183	7998
9076.865584	7.858473	7999
9077.911382	7.775943	8000
9078.891502	7.666934	8001
9079.935393	7.858247	8002
9080.918110	7.557209	8003
9081.961294	7.751469	8004
9082.945694	7.442063	8005
9083.983304	7.808088	8006
9084.970383	7.456916	8007
9086.006832	7.728298	8008
9086.999613	7.451444	8009
9088.030783	7.688452	8010
9089.044695	9.165098	8011
9090.052432	7.535332	8012
9091.052836	7.372662	8013
9092.078676	7.579962	8014
9093.080748	7.363062	8015
9094.102105	7.592999	8016
9095.104682	7.448123	8017
9096.127134	7.469615	8018
9097.131064	7.593587	8019
9098.153398	7.697099	8020
9099.153779	7.251666	8021
9100.181542	7.546285	8022
9101.178039	7.358211	8023
9102.206334	7.371188	8024
9103.200967	7.456717	8025
