time (s)	coil I (A)	last det (V)	int current (uC)
8848.046696	1.185300	0.273369	685.103516
8848.047763	1.533735	0.273369	2321.599121
8848.048656	1.507251	0.273369	3667.574219
8848.049584	1.466528	0.273369	5028.512695
8848.050661	1.420668	0.273369	6558.571777
8848.051612	1.381743	0.273369	7872.609375
8848.052482	1.347305	0.273369	9044.764648
8848.053547	0.490895	0.273369	9567.567383
8848.054563	0.095438	0.273369	9664.532227
8848.055452	0.094944	0.273369	9748.937500
8848.056411	0.094999	0.273369	9840.041016
8848.057449	0.094988	0.273369	9938.638672
8848.058361	0.094948	0.273369	10025.230469
8848.059224	0.095054	0.273369	10107.261719
8848.060284	0.095006	0.273369	10207.967773
8848.061280	0.094885	0.273369	10302.473633
8848.062152	0.094907	0.273369	10385.232422
8848.063127	0.094929	0.273369	10477.788086
8848.985585	1.060455	0.141579	495.232635
8848.986483	1.526038	0.141579	1865.614380
8848.987359	1.520057	0.141579	3197.184570
8848.988261	1.481038	0.141579	4533.080566
8848.989213	1.439077	0.141579	5903.082031
8848.990164	1.400061	0.141579	7234.540039
8848.991063	1.364121	0.141579	8460.884766
8848.991976	1.143450	0.141579	9504.854492
8848.992938	0.156749	0.141579	9655.647461
8848.993859	0.094819	0.141579	9742.975586
8848.994723	0.094980	0.141579	9825.039062
8848.995681	0.094980	0.141579	9916.030273
8848.996608	0.094948	0.141579	10004.046875
8848.997495	0.094944	0.141579	10088.261719
8848.998358	0.094911	0.141579	10170.169922
8848.999306	0.094962	0.141579	10260.194336
8849.000241	0.094966	0.141579	10348.987305
8849.001133	0.094962	0.141579	10433.693359
8850.075069	1.024629	0.250053	433.418030
8850.075955	1.522192	0.250053	1782.080566
8850.077045	1.514169	0.250053	3432.524414
8850.078002	1.472270	0.250053	4841.487305
8850.078864	1.434774	0.250053	6078.262695
8850.079878	1.392433	0.250053	7490.189453
8850.080926	1.351410	0.250053	8906.466797
8850.081829	0.793575	0.250053	9623.065430
8850.082767	0.105813	0.250053	9722.318359
8850.083833	0.094911	0.250053	9823.493164
8850.084775	0.094958	0.250053	9912.944336
8850.085640	0.094980	0.250053	9995.102539
8850.086695	0.095061	0.250053	10095.391602
8850.087705	0.094918	0.250053	10191.258789
8850.088587	0.094911	0.250053	10274.969727
8850.089543	0.095054	0.250053	10365.840820
8850.090582	0.094911	0.250053	10464.453125
8850.091514	0.094969	0.250053	10552.964844
8851.019198	1.029210	0.183361	438.443542
8851.020212	1.527495	0.183361	1987.323486
8851.021187	1.513118	0.183361	3462.613281
8851.022065	1.474600	0.183361	4757.311523
8851.022946	1.435126	0.183361	6021.657227
8851.024064	1.390975	0.183361	7576.767578
8851.024965	1.354772	0.183361	8797.416992
8851.025838	0.954108	0.183361	9630.353516
8851.026881	0.108120	0.183361	9743.123047
8851.027853	0.094893	0.183361	9835.358398
8851.028760	0.094911	0.183361	9921.442383
8851.029635	0.094977	0.183361	10004.546875
8851.030650	0.095010	0.183361	10100.981445
8851.031553	0.094863	0.183361	10186.642578
8851.032470	0.094973	0.183361	10273.733398
8851.033330	0.095002	0.183361	10355.435547
8851.034354	0.094933	0.183361	10452.646484
8851.035247	0.094871	0.183361	10537.366211
8852.111806	1.031265	0.261977	438.287476
8852.112682	1.522932	0.261977	1772.376099
8852.113558	1.522288	0.261977	3105.899902
8852.114475	1.483224	0.261977	4466.016113
8852.115446	1.441392	0.261977	5865.607422
8852.116374	1.402423	0.261977	7167.056152
8852.117240	1.367241	0.261977	8351.086914
8852.118204	1.204094	0.261977	9511.833984
8852.119170	0.181890	0.261977	9687.539062
8852.120052	0.094878	0.261977	9771.221680
8852.120917	0.094860	0.261977	9853.275391
8852.121876	0.094937	0.261977	9944.319336
8852.122804	0.095013	0.261977	10032.492187
8852.123686	0.094948	0.261977	10116.236328
8852.124655	0.094962	0.261977	10208.254883
8852.125608	0.094980	0.261977	10298.771484
8852.126491	0.095013	0.261977	10382.667969
8852.127399	0.094915	0.261977	10468.850586
8853.042681	1.068596	0.198435	501.171631
8853.043570	1.526005	0.198435	1857.789795
8853.044438	1.520288	0.198435	3177.399902
8853.045408	1.480030	0.198435	4613.029297
8853.046322	1.438239	0.198435	5927.579102
8853.047246	1.400178	0.198435	7221.343750
8853.048125	1.364297	0.198435	8420.560547
8853.049093	1.112241	0.198435	9497.209961
8853.050044	0.151304	0.198435	9641.099609
8853.050934	0.094874	0.198435	9725.538086
8853.051846	0.094977	0.198435	9812.157227
8853.052797	0.094944	0.198435	9902.449219
8853.053725	0.094907	0.198435	9990.523437
8853.054588	0.094940	0.198435	10072.457031
8853.055572	0.094900	0.198435	10165.838867
8853.056510	0.094926	0.198435	10254.878906
8853.057439	0.094907	0.198435	10343.047852
8853.058294	0.094929	0.198435	10424.211914
8854.134248	1.067333	0.259468	487.771057
8854.135173	1.527118	0.259468	1900.355225
8854.136059	1.518842	0.259468	3246.048828
8854.136948	1.479899	0.259468	4561.678711
8854.137920	1.438312	0.259468	5959.717773
8854.138847	1.398944	0.259468	7256.539062
8854.139743	1.363447	0.259468	8478.187500
8854.140657	1.130760	0.259468	9511.702148
8854.141621	0.154625	0.259468	9660.760742
8854.142512	0.094882	0.259468	9745.299805
8854.143442	0.095043	0.259468	9833.689453
8854.144415	0.094958	0.259468	9926.083984
8854.145339	0.095046	0.259468	10013.907227
8854.146217	0.094991	0.259468	10097.309570
8854.147164	0.095061	0.259468	10187.332031
8854.148102	0.094951	0.259468	10276.396484
8854.149034	0.094900	0.259468	10364.842773
8854.149890	0.094995	0.259468	10446.158203
8855.083449	1.024156	0.262936	429.121552
8855.084428	1.525301	0.262936	1922.391724
8855.085349	1.517212	0.262936	3319.743896
8855.086226	1.478580	0.262936	4616.458984
8855.087147	1.439571	0.262936	5942.304199
8855.088073	1.399479	0.262936	7238.221680
8855.089026	1.361854	0.262936	8536.068359
8855.089927	1.140187	0.262936	9563.376953
8855.090845	0.160115	0.262936	9710.362305
8855.091798	0.094856	0.262936	9800.759766
8855.092715	0.095013	0.262936	9887.886719
8855.093580	0.094958	0.262936	9970.025391
8855.094542	0.094984	0.262936	10061.400391
8855.095475	0.095010	0.262936	10150.044922
8855.096370	0.094951	0.262936	10235.026367
8855.097251	0.094999	0.262936	10318.720703
8855.098224	0.095013	0.262936	10411.168945
8855.099175	0.094995	0.262936	10501.509766
8856.169921	1.023417	0.273253	432.905273
8856.170805	1.522053	0.273253	1778.400391
8856.171753	1.518380	0.273253	3217.824707
8856.172698	1.478053	0.273253	4614.584961
8856.173597	1.439524	0.273253	5908.716797
8856.174514	1.401182	0.273253	7193.600586
8856.175474	1.363220	0.273253	8502.291992
8856.176393	1.140579	0.273253	9550.483398
8856.177272	0.167351	0.273253	9697.584961
8856.178216	0.094786	0.273253	9787.063477
8856.179147	0.094907	0.273253	9875.421875
8856.180072	0.094889	0.273253	9963.194336
8856.180931	0.094911	0.273253	10044.722656
8856.181867	0.094966	0.273253	10133.610352
8856.182815	0.094904	0.273253	10223.579102
8856.183707	0.094969	0.273253	10308.291992
8856.184625	0.094922	0.273253	10395.430664
8856.185588	0.094918	0.273253	10486.836914
8857.110028	1.093403	0.277088	549.981873
8857.110932	1.528887	0.277088	1932.095459
8857.111813	1.517688	0.277088	3269.178467
8857.112812	1.474962	0.277088	4742.665527
8857.113824	1.430819	0.277088	6190.654297
8857.114723	1.393451	0.277088	7443.366699
8857.115594	1.357460	0.277088	8625.713867
8857.116710	0.797380	0.277088	9515.590820
8857.117601	0.104769	0.277088	9608.940430
8857.118469	0.094819	0.277088	9691.243164
8857.119468	0.094911	0.277088	9786.059570
8857.120466	0.094944	0.277088	9880.813477
8857.121347	0.094966	0.277088	9964.478516
8857.122214	0.094878	0.277088	10046.737305
8857.123206	0.095010	0.277088	10140.987305
8857.124129	0.094911	0.277088	10228.589844
8857.125041	0.094940	0.277088	10315.175781
8857.125912	0.094962	0.277088	10397.887695
8858.191303	1.046078	0.288971	458.182098
8858.192168	1.522815	0.288971	1775.416992
8858.193277	1.513378	0.288971	3453.752930
8858.194192	1.472520	0.288971	4801.108398
8858.195075	1.434745	0.288971	6067.988281
8858.196103	1.392642	0.288971	7499.624023
8858.197092	1.353018	0.288971	8837.758789
8858.197984	0.879690	0.288971	9622.442383
8858.198850	0.113518	0.288971	9720.749023
8858.199874	0.094874	0.288971	9817.900391
8858.200773	0.094907	0.288971	9903.221680
8858.201671	0.094966	0.288971	9988.500977
8858.202551	0.094933	0.288971	10072.041992
8858.203564	0.095021	0.288971	10168.297852
8858.204457	0.094937	0.288971	10253.076172
8858.205330	0.094944	0.288971	10335.961914
8858.206284	0.095006	0.288971	10426.597656
8858.207250	0.094944	0.288971	10518.313477
8859.147721	1.042877	0.350729	454.694458
8859.148593	1.522614	0.350729	1782.413452
8859.149457	1.520896	0.350729	3096.467529
8859.150458	1.479500	0.350729	4577.446777
8859.151381	1.439604	0.350729	5906.201660
8859.152265	1.402537	0.350729	7146.043945
8859.153184	1.365846	0.350729	8401.255859
8859.154110	1.159497	0.350729	9474.950195
8859.155039	0.176166	0.350729	9638.608398
8859.155916	0.094856	0.350729	9721.796875
8859.156929	0.094962	0.350729	9817.993164
8859.157816	0.094907	0.350729	9902.175781
8859.158730	0.094867	0.350729	9988.883789
8859.159591	0.094874	0.350729	10070.570312
8859.160595	0.094893	0.350729	10165.842773
8859.161515	0.094922	0.350729	10253.170898
8859.162387	0.094940	0.350729	10335.958984
8859.163329	0.094904	0.350729	10425.358398
8860.226003	1.051175	0.289813	461.466034
8860.226871	1.523408	0.289813	1783.784424
8860.227859	1.517805	0.289813	3283.375977
8860.228781	1.477669	0.289813	4645.786133
8860.229651	1.439363	0.289813	5898.031738
8860.230548	1.401910	0.289813	7155.545410
8860.231499	1.363162	0.289813	8451.912109
8860.232452	1.126318	0.289813	9525.292969
8860.233344	0.161565	0.289813	9669.409180
8860.234257	0.094852	0.289813	9756.009766
8860.235211	0.094984	0.289813	9846.625000
8860.236138	0.095043	0.289813	9934.729492
8860.236997	0.094969	0.289813	10016.308594
8860.237974	0.094958	0.289813	10109.083008
8860.238916	0.094911	0.289813	10198.489258
8860.239819	0.094885	0.289813	10284.170898
8860.240675	0.094874	0.289813	10365.382812
8860.241636	0.094984	0.289813	10456.662109
8861.182415	1.043159	0.360450	451.687958
8861.183325	1.522387	0.360450	1837.059692
8861.184275	1.516688	0.360450	3277.913574
8861.185182	1.477050	0.360450	4617.597656
8861.186075	1.438887	0.360450	5902.523437
8861.186992	1.400189	0.360450	7186.497070
8861.187951	1.362089	0.360450	8492.740234
8861.188881	1.130277	0.360450	9543.898437
8861.189752	0.165293	0.360450	9687.868164
8861.190712	0.094790	0.360450	9778.866211
8861.191648	0.094980	0.360450	9867.767578
8861.192513	0.094999	0.360450	9949.941406
8861.193481	0.094929	0.360450	10041.833008
8861.194420	0.094929	0.360450	10130.971680
8861.195339	0.095021	0.360450	10218.295898
8861.196194	0.094929	0.360450	10299.459961
8861.197132	0.094948	0.360450	10388.520508
8861.198079	0.094904	0.360450	10478.394531
8862.242230	1.018319	0.347217	425.657410
8862.243097	1.521204	0.347217	1744.541016
8862.244087	1.517717	0.347217	3247.081055
8862.245035	1.477013	0.347217	4647.289551
8862.245933	1.438392	0.347217	5938.965820
8862.246859	1.399640	0.347217	7235.032227
8862.247817	1.361708	0.347217	8539.548828
8862.248749	1.098699	0.347217	9563.536133
8862.249611	0.155914	0.347217	9697.934570
8862.250562	0.094907	0.347217	9788.191406
8862.251523	0.094929	0.347217	9879.417969
8862.252412	0.094915	0.347217	9963.796875
8862.253297	0.094874	0.347217	10047.760742
8862.254254	0.094878	0.347217	10138.558594
8862.255197	0.094871	0.347217	10228.021484
8862.256081	0.094940	0.347217	10311.948242
8862.256999	0.094977	0.347217	10399.136719
8862.257957	0.094984	0.347217	10490.131836
8863.214045	1.081179	0.429334	493.017700
8863.214983	1.527502	0.429334	1925.814941
8863.215869	1.517670	0.429334	3270.470215
8863.216774	1.478284	0.429334	4608.316895
8863.217743	1.436679	0.429334	6000.458496
8863.218671	1.398076	0.429334	7297.873047
8863.219542	1.362740	0.429334	8484.820312
8863.220517	1.106605	0.429334	9563.760742
8863.221470	0.145360	0.429334	9702.289062
8863.222355	0.094856	0.429334	9786.236328
8863.223215	0.095046	0.429334	9867.976562
8863.224169	0.095013	0.429334	9958.619141
8863.225089	0.095068	0.429334	10046.082031
8863.225970	0.095028	0.429334	10129.801758
8863.226927	0.094955	0.429334	10220.673828
8863.227867	0.094969	0.429334	10309.945312
8863.228752	0.095017	0.429334	10394.035156
8863.229633	0.094922	0.429334	10477.661133
8864.263681	1.079766	0.321198	535.563782
8864.264616	1.528847	0.321198	1965.035156
8864.265546	1.515326	0.321198	3374.288086
8864.266413	1.476573	0.321198	4654.477539
8864.267372	1.435814	0.321198	6031.423340
8864.268307	1.396073	0.321198	7336.751465
8864.269233	1.359686	0.321198	8595.821289
8864.270101	1.072947	0.321198	9527.138672
8864.271077	0.133630	0.321198	9657.561523
8864.272026	0.094827	0.321198	9747.551758
8864.272913	0.094907	0.321198	9831.734375
8864.273825	0.094885	0.321198	9918.269531
8864.274781	0.094874	0.321198	10008.969727
8864.275697	0.094885	0.321198	10095.884766
8864.276556	0.094988	0.321198	10177.479492
8864.277482	0.094918	0.321198	10265.374023
8864.278433	0.094904	0.321198	10355.626953
8864.279353	0.094907	0.321198	10442.941406
8865.250761	1.029251	0.420693	448.753204
8865.251632	1.522621	0.420693	1774.955933
8865.252543	1.519904	0.420693	3159.587891
8865.253502	1.478540	0.420693	4577.507812
8865.254431	1.438597	0.420693	5913.964844
8865.255308	1.401870	0.420693	7143.404785
8865.256246	1.363978	0.420693	8422.816406
8865.257205	1.150052	0.420693	9525.716797
8865.258129	0.168003	0.420693	9680.951172
8865.259005	0.094819	0.420693	9764.012695
8865.259976	0.094951	0.420693	9856.209961
8865.260906	0.095006	0.420693	9944.565430
8865.261812	0.094904	0.420693	10030.547852
8865.262673	0.094955	0.420693	10112.303711
8865.263644	0.094991	0.420693	10204.540039
8865.264570	0.094926	0.420693	10292.441406
8865.265430	0.094977	0.420693	10374.121094
8865.266399	0.095021	0.420693	10466.196289
8866.287085	1.097406	0.372780	520.170471
8866.288013	1.528477	0.372780	1938.596680
8866.288938	1.516084	0.372780	3340.974609
8866.289808	1.477397	0.372780	4626.310547
8866.290782	1.436367	0.372780	6025.332031
8866.291732	1.397087	0.372780	7352.564941
8866.292621	1.361166	0.372780	8562.641602
8866.293533	1.087943	0.372780	9554.845703
8866.294481	0.139230	0.372780	9686.835937
8866.295404	0.094849	0.372780	9774.380859
8866.296297	0.094962	0.372780	9859.181641
8866.297212	0.094915	0.372780	9946.028320
8866.298169	0.094933	0.372780	10036.878906
8866.299086	0.094980	0.372780	10123.975586
8866.299948	0.094958	0.372780	10205.830078
8866.300909	0.094995	0.372780	10297.120117
8866.301855	0.094962	0.372780	10386.954102
8866.302742	0.094984	0.372780	10471.205078
8867.291668	1.107638	0.466596	556.034241
8867.292690	1.531608	0.466596	2121.337158
8867.293571	1.512279	0.466596	3453.655029
8867.294549	1.470234	0.466596	4891.544434
8867.295606	1.424733	0.466596	6397.486816
8867.296516	1.386438	0.466596	7659.145508
8867.297391	1.352084	0.466596	8842.218750
8867.298386	0.739380	0.466596	9577.901367
8867.299385	0.098416	0.466596	9676.218750
8867.300277	0.095006	0.466596	9760.963867
8867.301140	0.094991	0.466596	9842.941406
8867.302208	0.095079	0.466596	9944.486328
8867.303144	0.094969	0.466596	10033.377930
8867.304016	0.095050	0.466596	10116.261719
8867.304964	0.095054	0.466596	10206.373047
8867.305981	0.094958	0.466596	10302.946289
8867.306861	0.094951	0.466596	10386.502930
8867.307720	0.094977	0.466596	10468.087891
8868.308413	1.024281	0.425982	431.222321
8868.309372	1.527052	0.425982	1895.665161
8868.310313	1.515494	0.425982	3321.745361
8868.311237	1.475526	0.425982	4685.131348
8868.312117	1.436949	0.425982	5949.646973
8868.313089	1.397117	0.425982	7307.644531
8868.314041	1.359748	0.425982	8602.125000
8868.314937	1.088734	0.425982	9577.630859
8868.315861	0.150227	0.425982	9716.440430
8868.316819	0.094973	0.425982	9807.424805
8868.317739	0.094984	0.425982	9894.810547
8868.318603	0.095002	0.425982	9976.892578
8868.319569	0.095013	0.425982	10068.675781
8868.320498	0.094969	0.425982	10156.902344
8868.321423	0.094973	0.425982	10244.752930
8868.322304	0.094988	0.425982	10328.437500
8868.323275	0.094988	0.425982	10420.670898
8868.324223	0.095039	0.425982	10510.767578
8869.336553	1.046832	0.389377	486.776978
8869.337457	1.527125	0.389377	1867.298218
8869.338340	1.518582	0.389377	3208.205566
8869.339255	1.478635	0.389377	4561.156738
8869.340223	1.436851	0.389377	5952.028320
8869.341155	1.398461	0.389377	7255.393555
8869.342025	1.363257	0.389377	8441.426758
8869.342994	1.118822	0.389377	9525.565430
8869.343926	0.150945	0.389377	9666.246094
8869.344784	0.094852	0.389377	9747.628906
8869.345802	0.094999	0.389377	9844.337891
8869.346690	0.094991	0.389377	9928.690430
8869.347594	0.094980	0.389377	10014.552734
8869.348464	0.095002	0.389377	10097.205078
8869.349429	0.094944	0.389377	10188.826172
8869.350354	0.094977	0.389377	10276.679687
8869.351232	0.094962	0.389377	10360.056641
8869.352110	0.094900	0.389377	10443.378906
8870.324667	1.043137	0.403448	441.247040
8870.325722	1.530776	0.403448	2056.216064
8870.326611	1.514293	0.403448	3402.422852
8870.327485	1.475933	0.403448	4692.387695
8870.328486	1.434016	0.403448	6127.837891
8870.329428	1.393956	0.403448	7440.944824
8870.330344	1.357657	0.403448	8684.558594
8870.331225	1.046111	0.403448	9606.182617
8870.332171	0.139058	0.403448	9737.731445
8870.333107	0.094863	0.403448	9826.523437
8870.334001	0.095061	0.403448	9911.507812
8870.334870	0.095109	0.403448	9994.157227
8870.335901	0.095072	0.403448	10092.176758
8870.336809	0.094962	0.403448	10178.402344
8870.337740	0.095032	0.403448	10266.876953
8870.338600	0.095061	0.403448	10348.629883
8870.339574	0.094955	0.403448	10441.116211
8870.340501	0.094984	0.403448	10529.166016
8871.376350	1.058156	0.477275	471.937378
8871.377299	1.528334	0.477275	1922.326172
8871.378228	1.515450	0.477275	3330.179687
8871.379097	1.476658	0.477275	4613.395508
8871.380071	1.435389	0.477275	6011.464844
8871.381022	1.396124	0.477275	7339.178711
8871.381913	1.360393	0.477275	8551.289062
8871.382827	1.101929	0.477275	9558.452148
8871.383789	0.143104	0.477275	9696.118164
8871.384714	0.094834	0.477275	9783.839844
8871.385579	0.095006	0.477275	9866.020508
8871.386521	0.094958	0.477275	9955.471680
8871.387475	0.094980	0.477275	10046.083008
8871.388393	0.094929	0.477275	10133.227539
8871.389270	0.094951	0.477275	10216.500000
8871.390235	0.094944	0.477275	10308.121094
8871.391174	0.094937	0.477275	10397.266602
8871.392063	0.094980	0.477275	10481.704102
8872.345022	1.023787	0.455204	434.085541
8872.345940	1.521306	0.455204	1830.644653
8872.346907	1.516311	0.455204	3296.917480
8872.347833	1.476174	0.455204	4663.854980
8872.348712	1.438110	0.455204	5927.954102
8872.349640	1.398530	0.455204	7225.790039
8872.350603	1.360697	0.455204	8536.141602
8872.351527	1.107550	0.455204	9559.517578
8872.352396	0.158024	0.455204	9696.839844
8872.353378	0.094834	0.455204	9789.966797
8872.354300	0.094969	0.455204	9877.528320
8872.355161	0.094929	0.455204	9959.262695
8872.356085	0.094915	0.455204	10046.963867
8872.357026	0.094918	0.455204	10136.282227
8872.357950	0.095013	0.455204	10224.074219
8872.358809	0.094995	0.455204	10305.674805
8872.359771	0.094929	0.455204	10396.997070
8872.360716	0.094926	0.455204	10486.702148
8873.416170	1.065685	0.493187	505.134583
8873.417105	1.528444	0.493187	1934.229492
8873.418034	1.515253	0.493187	3341.899414
8873.418902	1.476669	0.493187	4623.647949
8873.419876	1.435913	0.493187	6022.227539
8873.420835	1.396172	0.493187	7361.156250
8873.421724	1.360122	0.493187	8570.304687
8873.422615	1.092305	0.493187	9543.547852
8873.423561	0.141995	0.493187	9677.875000
8873.424506	0.094827	0.493187	9767.486328
8873.425395	0.094955	0.493187	9851.901367
8873.426308	0.094940	0.493187	9938.582031
8873.427259	0.094977	0.493187	10028.905273
8873.428182	0.094944	0.493187	10116.538086
8873.429059	0.094973	0.493187	10199.829102
8873.430006	0.095006	0.493187	10289.799805
8873.430941	0.094951	0.493187	10378.579102
8873.431865	0.094926	0.493187	10466.290039
8874.371566	1.054384	0.501453	502.940948
8874.372515	1.528854	0.501453	1953.823120
8874.373439	1.514319	0.501453	3353.053711
8874.374330	1.475739	0.501453	4667.936523
8874.375283	1.435239	0.501453	6035.719727
8874.376228	1.395729	0.501453	7354.683594
8874.377146	1.359159	0.501453	8602.391602
8874.378012	1.104628	0.501453	9558.999023
8874.378961	0.142053	0.501453	9693.807617
8874.379885	0.094893	0.501453	9781.488281
8874.380802	0.094962	0.501453	9868.568359
8874.381671	0.094984	0.501453	9951.109375
8874.382637	0.095043	0.501453	10042.920898
8874.383580	0.094937	0.501453	10132.446289
8874.384473	0.094977	0.501453	10217.260742
8874.385376	0.094955	0.501453	10303.004883
8874.386336	0.094984	0.501453	10394.189453
8874.387224	0.094973	0.501453	10478.525391
8875.448765	1.031265	0.514871	433.131165
8875.449723	1.525389	0.514871	1894.454346
8875.450661	1.516329	0.514871	3316.771484
8875.451541	1.477478	0.514871	4616.952148
8875.452476	1.437920	0.514871	5961.407227
8875.453416	1.398062	0.514871	7275.584961
8875.454346	1.360609	0.514871	8540.951172
8875.455229	1.150565	0.514871	9556.900391
8875.456154	0.151575	0.514871	9697.107422
8875.457106	0.094808	0.514871	9787.365234
8875.458033	0.094940	0.514871	9875.375000
8875.458896	0.094911	0.514871	9957.283203
8875.459860	0.094937	0.514871	10048.801758
8875.460814	0.094958	0.514871	10139.392578
8875.461703	0.094988	0.514871	10223.836914
8875.462616	0.094915	0.514871	10310.494141
8875.463533	0.094988	0.514871	10397.597656
8875.464463	0.094904	0.514871	10485.858398
8876.399116	1.122290	0.534638	567.878723
8876.400046	1.528462	0.534638	1989.348389
8876.400971	1.513920	0.534638	3389.724121
8876.401844	1.475475	0.534638	4677.813477
8876.402759	1.435631	0.534638	5991.416016
8876.403713	1.396586	0.534638	7323.758789
8876.404643	1.359404	0.534638	8588.004883
8876.405527	1.107052	0.534638	9566.638672
8876.406511	0.137955	0.534638	9702.386719
8876.407441	0.094907	0.534638	9790.650391
8876.408305	0.095035	0.534638	9872.760742
8876.409254	0.094980	0.534638	9962.897461
8876.410204	0.094969	0.534638	10053.118164
8876.411130	0.094929	0.534638	10141.022461
8876.411990	0.094948	0.534638	10222.677734
8876.412944	0.094904	0.534638	10313.215820
8876.413891	0.094948	0.534638	10403.130859
8876.414783	0.094966	0.534638	10487.840820
8877.477405	1.123641	0.528128	573.057129
8877.478410	1.532241	0.528128	2112.959473
8877.479299	1.511752	0.528128	3456.906738
8877.480278	1.468660	0.528128	4894.724609
8877.481345	1.423590	0.528128	6413.695312
8877.482252	1.385819	0.528128	7670.633301
8877.483123	1.349901	0.528128	8846.397461
8877.484243	0.576533	0.528128	9492.114258
8877.485210	0.096295	0.528128	9585.231445
8877.486079	0.094995	0.528128	9667.782227
8877.487150	0.095006	0.528128	9769.534180
8877.488186	0.094958	0.528128	9867.911133
8877.489084	0.094977	0.528128	9953.200195
8877.490002	0.095028	0.528128	10040.435547
8877.491067	0.095072	0.528128	10141.687500
8877.492014	0.095013	0.528128	10231.665039
8877.492878	0.095024	0.528128	10313.766602
8877.493931	0.095079	0.528128	10413.884766
8878.433742	1.064103	0.593222	470.333435
8878.434671	1.526363	0.593222	1888.325195
8878.435542	1.517483	0.593222	3210.052734
8878.436519	1.476043	0.593222	4652.146484
8878.437477	1.435111	0.593222	6026.982910
8878.438369	1.397882	0.593222	7273.893555
8878.439281	1.361539	0.593222	8515.617187
8878.440243	1.085226	0.593222	9559.604492
8878.441170	0.142324	0.593222	9691.539062
8878.442035	0.094856	0.593222	9773.589844
8878.442958	0.094984	0.593222	9861.259766
8878.443899	0.094977	0.593222	9950.632812
8878.444824	0.094980	0.593222	10038.490234
8878.445697	0.094984	0.593222	10121.411133
8878.446657	0.094988	0.593222	10212.599609
8878.447610	0.094929	0.593222	10303.067383
8878.448495	0.095039	0.593222	10387.176758
8878.449390	0.095054	0.593222	10472.250000
8879.499748	1.061525	0.548407	492.547485
8879.500833	1.530780	0.548407	2153.443848
8879.501799	1.507599	0.548407	3609.784424
8879.502668	1.468890	0.548407	4886.250000
8879.503732	1.423949	0.548407	6401.332031
8879.504755	1.381893	0.548407	7815.008789
8879.505641	1.347111	0.548407	9008.548828
8879.506621	0.632003	0.548407	9627.912109
8879.507666	0.096434	0.548407	9728.685547
8879.508584	0.095090	0.548407	9815.978516
8879.509441	0.095039	0.548407	9897.426758
8879.510507	0.095079	0.548407	9998.781250
8879.511505	0.094988	0.548407	10093.579102
8879.512373	0.095002	0.548407	10176.041016
8879.513346	0.095039	0.548407	10268.513672
8879.514404	0.095112	0.548407	10369.142578
8879.515302	0.095006	0.548407	10454.458008
8879.516170	0.094995	0.548407	10536.914062
8880.470533	1.093154	0.643044	542.204529
8880.471526	1.531209	0.643044	2062.694580
8880.472425	1.512407	0.643044	3422.348633
8880.473426	1.469062	0.643044	4892.879883
8880.474483	1.424337	0.643044	6398.404297
8880.475374	1.386771	0.643044	7634.017578
8880.476271	1.350831	0.643044	8845.712891
8880.477368	0.612997	0.643044	9518.169922
8880.478312	0.097244	0.643044	9609.967773
8880.479173	0.095021	0.643044	9691.780273
8880.480227	0.095068	0.643044	9791.982422
8880.481252	0.094984	0.643044	9889.340820
8880.482132	0.094988	0.643044	9972.929687
8880.483064	0.095090	0.643044	10061.553711
8880.484118	0.095072	0.643044	10161.759766
8880.485041	0.095017	0.643044	10249.460937
8880.485914	0.095054	0.643044	10332.442383
8880.486953	0.095072	0.643044	10431.222656
8881.524189	1.058544	0.572702	478.461731
8881.525050	1.523617	0.572702	1790.295898
8881.526009	1.517164	0.572702	3245.256348
8881.526937	1.476793	0.572702	4615.720703
8881.527827	1.438510	0.572702	5895.994141
8881.528751	1.400486	0.572702	7190.042969
8881.529698	1.362100	0.572702	8479.951172
8881.530611	1.157366	0.572702	9536.625977
8881.531479	0.176100	0.572702	9689.480469
8881.532457	0.094845	0.572702	9782.239258
8881.533409	0.095046	0.572702	9872.723633
8881.534285	0.094977	0.572702	9955.922852
8881.535184	0.095006	0.572702	10041.333008
8881.536138	0.094969	0.572702	10131.933594
8881.537062	0.094984	0.572702	10219.699219
8881.537935	0.094966	0.572702	10302.604492
8881.538868	0.094918	0.572702	10391.163086
8881.539811	0.094951	0.572702	10480.702148
8882.509259	1.046755	0.648881	454.291809
8882.510124	1.521969	0.648881	1770.794922
8882.511117	1.517021	0.648881	3277.197266
8882.512005	1.477628	0.648881	4589.331055
8882.512914	1.438191	0.648881	5896.646484
8882.513797	1.400812	0.648881	7133.563477
8882.514776	1.362235	0.648881	8467.191406
8882.515712	1.141791	0.648881	9535.907227
8882.516603	0.162587	0.648881	9680.771484
8882.517493	0.094955	0.648881	9765.281250
8882.518461	0.094896	0.648881	9857.140625
8882.519398	0.094991	0.648881	9946.147461
8882.520288	0.094999	0.648881	10030.696289
8882.521222	0.095035	0.648881	10119.458984
8882.522175	0.094973	0.648881	10209.968750
8882.523084	0.094933	0.648881	10296.262695
8882.523961	0.094969	0.648881	10379.550781
8882.524872	0.094977	0.648881	10466.074219
8883.543527	1.083743	0.633058	495.270416
8883.544402	1.524565	0.633058	1829.265137
8883.545341	1.516776	0.633058	3253.517822
8883.546300	1.475625	0.633058	4668.642090
8883.547227	1.435803	0.633058	5999.631836
8883.548087	1.399083	0.633058	7202.843262
8883.549044	1.361349	0.633058	8505.654297
8883.549995	1.091455	0.633058	9543.627930
8883.550891	0.146228	0.633058	9674.648437
8883.551798	0.094867	0.633058	9760.692383
8883.552723	0.094980	0.633058	9848.548828
8883.553666	0.094849	0.633058	9937.991211
8883.554550	0.094940	0.633058	10021.917969
8883.555481	0.094915	0.633058	10110.283203
8883.556431	0.094911	0.633058	10200.448242
8883.557352	0.094904	0.633058	10287.854492
8883.558207	0.094904	0.633058	10368.997070
8883.559153	0.094951	0.633058	10458.821289
8884.547096	1.105719	0.648644	556.176636
8884.548014	1.529096	0.648644	1959.886353
8884.548893	1.515656	0.648644	3292.147461
8884.549868	1.473666	0.648644	4728.971680
8884.550904	1.428787	0.648644	6209.194336
8884.551800	1.391470	0.648644	7455.951172
8884.552682	1.356731	0.648644	8652.587891
8884.553668	0.906779	0.648644	9546.671875
8884.554625	0.107831	0.648644	9649.866211
8884.555543	0.094966	0.648644	9737.044922
8884.556408	0.095006	0.648644	9819.225586
8884.557434	0.094988	0.648644	9916.682617
8884.558316	0.094977	0.648644	10000.452148
8884.559187	0.095057	0.648644	10083.247070
8884.560076	0.095065	0.648644	10167.759766
8884.561103	0.095010	0.648644	10265.334961
8884.561992	0.094969	0.648644	10349.762695
8884.562866	0.095024	0.648644	10432.814453
8885.566999	1.108557	0.637598	554.278564
8885.567925	1.529436	0.637598	1970.536255
8885.568802	1.515630	0.637598	3299.743652
8885.569774	1.473735	0.637598	4732.214355
8885.570808	1.429061	0.637598	6209.863770
8885.571700	1.392056	0.637598	7451.577148
8885.572566	1.357024	0.637598	8626.759766
8885.573641	0.829940	0.637598	9518.945312
8885.574578	0.104136	0.637598	9616.520508
8885.575455	0.094973	0.637598	9699.811523
8885.576402	0.094991	0.637598	9789.768555
8885.577437	0.095017	0.637598	9888.111328
8885.578315	0.095006	0.637598	9971.526367
8885.579180	0.095021	0.637598	10053.719727
8885.580116	0.095087	0.637598	10142.720703
8885.581096	0.094984	0.637598	10235.804687
8885.582012	0.095035	0.637598	10322.857422
8885.582891	0.095050	0.637598	10406.406250
8886.582712	1.022153	0.638323	429.304413
8886.583599	1.520768	0.638323	1778.225464
8886.584573	1.516549	0.638323	3255.344238
8886.585496	1.476713	0.638323	4618.350098
8886.586361	1.438370	0.638323	5862.540527
8886.587402	1.396198	0.638323	7315.982422
8886.588289	1.360444	0.638323	8522.696289
8886.589204	1.121770	0.638323	9549.116211
8886.590069	0.163246	0.638323	9690.324219
8886.591040	0.094907	0.638323	9782.479492
8886.591962	0.094977	0.638323	9870.047852
8886.592848	0.094944	0.638323	9954.167969
8886.593739	0.095046	0.638323	10038.854492
8886.594699	0.095002	0.638323	10130.056641
8886.595640	0.094915	0.638323	10219.371094
8886.596527	0.094977	0.638323	10303.615234
8886.597439	0.094980	0.638323	10390.237305
8886.598391	0.094977	0.638323	10480.655273
8887.591356	1.027529	0.713520	433.617340
8887.592341	1.525829	0.713520	1936.558716
8887.593282	1.513590	0.713520	3360.847168
8887.594204	1.473984	0.713520	4719.860840
8887.595071	1.434759	0.713520	5963.797363
8887.596182	1.390342	0.713520	7508.466797
8887.597213	1.349978	0.713520	8900.293945
8887.598108	0.811333	0.713520	9626.436523
8887.599057	0.106721	0.713520	9727.714844
8887.600120	0.094984	0.713520	9828.682617
8887.601043	0.095002	0.713520	9916.370117
8887.601904	0.094966	0.713520	9998.135742
8887.602937	0.094969	0.713520	10096.239258
8887.603949	0.094973	0.713520	10192.352539
8887.604835	0.094973	0.713520	10276.499023
8887.605791	0.095024	0.713520	10367.342773
8887.606842	0.095035	0.713520	10467.224609
8887.607767	0.095098	0.713520	10555.189453
8888.616379	1.029401	0.683303	437.495239
8888.617247	1.521295	0.683303	1757.979492
8888.618227	1.516945	0.683303	3244.585205
8888.619157	1.476702	0.683303	4617.917969
8888.620038	1.438502	0.683303	5885.238281
8888.620950	1.400185	0.683303	7162.207520
8888.621906	1.362111	0.683303	8464.384766
8888.622836	1.138594	0.683303	9523.277344
8888.623720	0.168062	0.683303	9671.843750
8888.624674	0.094783	0.683303	9762.266602
8888.625603	0.094922	0.683303	9850.449219
8888.626514	0.094980	0.683303	9936.976562
8888.627377	0.094999	0.683303	10018.960937
8888.628352	0.094926	0.683303	10111.513672
8888.629304	0.095021	0.683303	10201.973633
8888.630194	0.094951	0.683303	10286.480469
8888.631125	0.095021	0.683303	10374.944336
8888.632057	0.094973	0.683303	10463.458984
8889.616922	1.101240	0.750508	564.936279
8889.617794	1.527491	0.750508	1896.908813
8889.618695	1.514919	0.750508	3261.851074
8889.619791	1.468257	0.750508	4871.060547
8889.620746	1.427787	0.750508	6234.597168
8889.621621	1.391257	0.750508	7451.947266
8889.622652	1.350524	0.750508	8844.336914
8889.623691	0.652947	0.750508	9522.749023
8889.624582	0.099082	0.750508	9611.031250
8889.625523	0.094907	0.750508	9700.338867
8889.626573	0.095054	0.750508	9800.145508
8889.627507	0.094937	0.750508	9888.816406
8889.628372	0.094940	0.750508	9970.939453
8889.629441	0.095065	0.750508	10072.563477
8889.630452	0.094940	0.750508	10168.547852
8889.631346	0.094948	0.750508	10253.430664
8889.632305	0.095116	0.750508	10344.646484
8889.633353	0.094969	0.750508	10444.174805
8890.647997	1.026947	0.695106	434.398590
8890.649017	1.524126	0.695106	1989.006958
8890.650065	1.508690	0.695106	3570.114258
8890.650967	1.468425	0.695106	4894.633789
8890.651833	1.429270	0.695106	6132.381836
8890.652945	1.385310	0.695106	7672.846680
8890.653907	1.347484	0.695106	8969.125977
8890.654788	0.753494	0.695106	9632.954102
8890.655790	0.099983	0.695106	9733.136719
8890.656832	0.095028	0.695106	9832.156250
8890.657719	0.094984	0.695106	9916.407227
8890.658612	0.095087	0.695106	10001.319336
8890.659705	0.095057	0.695106	10105.216797
8890.660657	0.094973	0.695106	10195.630859
8890.661524	0.094955	0.695106	10277.957031
8890.662573	0.094984	0.695106	10377.595703
8890.663588	0.094933	0.695106	10473.952148
8890.664477	0.094999	0.695106	10558.406250
8891.646506	1.115409	0.796934	598.974548
8891.647435	1.530227	0.796934	2020.555420
8891.648357	1.512264	0.796934	3414.863281
8891.649226	1.472769	0.796934	4694.699219
8891.650278	1.429120	0.796934	6198.133301
8891.651172	1.391788	0.796934	7442.392090
8891.652055	1.357090	0.796934	8640.702148
8891.653067	0.891870	0.796934	9543.274414
8891.654004	0.109471	0.796934	9645.849609
8891.654921	0.094867	0.796934	9732.842773
8891.655780	0.094922	0.796934	9814.380859
8891.656801	0.094962	0.796934	9911.336914
8891.657697	0.095006	0.796934	9996.461914
8891.658575	0.094958	0.796934	10079.835937
8891.659507	0.094991	0.796934	10168.368164
8891.660486	0.094900	0.796934	10261.275391
8891.661391	0.094951	0.796934	10347.206055
8891.662266	0.094988	0.796934	10430.320312
8892.677597	1.042793	0.741774	475.513611
8892.678490	1.525506	0.741774	1837.791016
8892.679432	1.516121	0.741774	3265.976562
8892.680410	1.473743	0.741774	4707.296875
8892.681333	1.434141	0.741774	6031.008789
8892.682208	1.397534	0.741774	7253.851074
8892.683245	1.357353	0.741774	8661.426758
8892.684140	1.028910	0.741774	9582.300781
8892.685014	0.134568	0.741774	9699.913086
8892.685872	0.094805	0.741774	9781.255859
8892.686929	0.094933	0.741774	9881.599609
8892.687803	0.094955	0.741774	9964.589844
8892.688674	0.094944	0.741774	10047.286133
8892.689659	0.095054	0.741774	10140.914062
8892.690597	0.094918	0.741774	10229.947266
8892.691510	0.095010	0.741774	10316.691406
8892.692376	0.094937	0.741774	10398.906250
8892.693404	0.095024	0.741774	10496.591797
8893.676063	1.090199	0.831976	571.264282
8893.677032	1.530165	0.831976	2053.994141
8893.677952	1.511360	0.831976	3444.445312
8893.678826	1.472574	0.831976	4731.475586
8893.679862	1.429277	0.831976	6212.207031
8893.680744	1.391873	0.831976	7439.838867
8893.681612	1.356940	0.831976	8617.662109
8893.682527	0.965277	0.831976	9500.890625
8893.683541	0.110142	0.831976	9612.574219
8893.684463	0.094845	0.831976	9700.021484
8893.685343	0.094955	0.831976	9783.582031
8893.686337	0.094995	0.831976	9878.006836
8893.687253	0.094977	0.831976	9965.005859
8893.688172	0.094991	0.831976	10052.302734
8893.689037	0.094999	0.831976	10134.476562
8893.690072	0.094944	0.831976	10232.743164
8893.690951	0.095006	0.831976	10316.253906
8893.691818	0.094962	0.831976	10398.585937
8894.705095	1.039852	0.725790	447.136536
8894.706077	1.523159	0.725790	1942.878906
8894.707021	1.513539	0.725790	3371.659668
8894.707950	1.473109	0.725790	4740.178223
8894.708814	1.434891	0.725790	5979.924316
8894.709867	1.392396	0.725790	7446.117676
8894.710748	1.356599	0.725790	8641.281250
8894.711628	1.058167	0.725790	9572.467773
8894.712591	0.140793	0.725790	9708.051758
8894.713548	0.094827	0.725790	9798.800781
8894.714464	0.094834	0.725790	9885.668945
8894.715341	0.094926	0.725790	9968.918945
8894.716369	0.094962	0.725790	10066.540039
8894.717256	0.094915	0.725790	10150.729492
8894.718131	0.095043	0.725790	10233.891602
8894.719008	0.095087	0.725790	10317.282227
8894.720037	0.094966	0.725790	10415.001953
8894.720915	0.094980	0.725790	10498.394531
8895.707623	1.093513	0.807549	507.390137
8895.708516	1.525584	0.807549	1869.736206
8895.709517	1.513572	0.807549	3384.821533
8895.710432	1.472410	0.807549	4732.076172
8895.711361	1.433148	0.807549	6063.470703
8895.712234	1.395311	0.807549	7281.577148
8895.713273	1.355720	0.807549	8690.169922
8895.714165	1.017297	0.807549	9597.599609
8895.715039	0.132440	0.807549	9713.352539
8895.716042	0.094904	0.807549	9808.541016
8895.716973	0.094958	0.807549	9896.947266
8895.717894	0.095021	0.807549	9984.460937
8895.718751	0.095021	0.807549	10065.893555
8895.719796	0.095010	0.807549	10165.178711
8895.720672	0.094922	0.807549	10248.330078
8895.721580	0.094984	0.807549	10334.575195
8895.722455	0.094951	0.807549	10417.657227
8895.723440	0.094977	0.807549	10511.208984
8896.730617	1.112585	0.754371	530.703247
8896.731540	1.528129	0.754371	1941.166016
8896.732430	1.515879	0.754371	3290.298340
8896.733348	1.475680	0.754371	4644.972656
8896.734309	1.434749	0.754371	6023.766113
8896.735227	1.396414	0.754371	7305.673828
8896.736104	1.361232	0.754371	8499.473633
8896.737060	1.093033	0.754371	9544.414062
8896.737998	0.138615	0.754371	9674.434570
8896.738920	0.094838	0.754371	9761.875000
8896.739779	0.094896	0.754371	9843.390625
8896.740746	0.095013	0.754371	9935.268555
8896.741667	0.094849	0.754371	10022.624023
8896.742558	0.095017	0.754371	10107.284180
8896.743466	0.094922	0.754371	10193.473633
8896.744402	0.094929	0.754371	10282.327148
8896.745326	0.094951	0.754371	10370.062500
8896.746203	0.094918	0.754371	10453.305664
8897.740265	1.065655	0.794968	499.792419
8897.741190	1.527100	0.794968	1912.359619
8897.742077	1.516461	0.794968	3257.460693
8897.742985	1.477610	0.794968	4599.130371
8897.743954	1.435679	0.794968	5990.302734
8897.744893	1.396512	0.794968	7301.627930
8897.745760	1.361470	0.794968	8482.022461
8897.746690	1.102701	0.794968	9507.535156
8897.747652	0.147111	0.794968	9649.055664
8897.748554	0.094808	0.794968	9734.573242
8897.749432	0.094955	0.794968	9817.943359
8897.750393	0.094867	0.794968	9909.110352
8897.751339	0.094926	0.794968	9998.910156
8897.752237	0.094988	0.794968	10084.208984
8897.753148	0.094900	0.794968	10170.663086
8897.754075	0.094896	0.794968	10258.631836
8897.755026	0.094896	0.794968	10348.877930
8897.755914	0.094948	0.794968	10433.191406
8898.752971	1.047330	0.751382	451.399384
8898.753895	1.523492	0.751382	1859.106445
8898.754866	1.515040	0.751382	3330.210449
8898.755797	1.474146	0.751382	4702.639648
8898.756671	1.436133	0.751382	5957.819824
8898.757632	1.396769	0.751382	7300.114258
8898.758539	1.359093	0.751382	8532.811523
8898.759465	1.087368	0.751382	9539.714844
8898.760347	0.149879	0.751382	9671.908203
8898.761325	0.094907	0.751382	9764.727539
8898.762254	0.094951	0.751382	9852.937500
8898.763116	0.094969	0.751382	9934.800781
8898.764083	0.095061	0.751382	10026.724609
8898.765012	0.094962	0.751382	10114.944336
8898.765917	0.095013	0.751382	10200.931641
8898.766779	0.094977	0.751382	10282.801758
8898.767744	0.094933	0.751382	10374.412109
8898.768674	0.094944	0.751382	10462.709961
8899.773886	1.028060	0.721210	437.953705
8899.774938	1.527187	0.721210	2044.554932
8899.775981	1.507009	0.721210	3616.365723
8899.776867	1.467546	0.721210	4916.611816
8899.777808	1.427725	0.721210	6260.100586
8899.778875	1.383622	0.721210	7736.424805
8899.779805	1.346895	0.721210	8989.037109
8899.780672	0.751699	0.721210	9640.760742
8899.781735	0.098668	0.721210	9745.645508
8899.782754	0.094900	0.721210	9842.348633
8899.783624	0.094969	0.721210	9924.971680
8899.784588	0.095032	0.721210	10016.582031
8899.785645	0.094937	0.721210	10116.929687
8899.786560	0.094896	0.721210	10203.759766
8899.787424	0.094948	0.721210	10285.793945
8899.788488	0.095076	0.721210	10386.954102
8899.789479	0.094933	0.721210	10481.032227
8899.790370	0.094944	0.721210	10565.626953
8900.777507	1.077286	0.744796	570.961792
8900.778573	1.530736	0.744796	2202.726562
8900.779544	1.505006	0.744796	3664.087402
8900.780405	1.466477	0.744796	4926.724121
8900.781482	1.420397	0.744796	6456.491211
8900.782546	1.378037	0.744796	7922.722656
8900.783419	1.343049	0.744796	9095.205078
8900.784364	0.564423	0.744796	9628.583984
8900.785418	0.095621	0.744796	9729.369141
8900.786350	0.094988	0.744796	9817.897461
8900.787218	0.094944	0.744796	9900.308594
8900.788266	0.095068	0.744796	9999.940430
8900.789292	0.094948	0.744796	10097.356445
8900.790187	0.094988	0.744796	10182.370117
8900.791142	0.095010	0.744796	10273.104492
8900.792182	0.095043	0.744796	10371.949219
8900.793109	0.094948	0.744796	10459.965820
8900.793969	0.094995	0.744796	10541.662109
8901.809627	1.054955	0.723208	469.454926
8901.810513	1.524587	0.723208	1820.239380
8901.811394	1.518944	0.723208	3158.429199
8901.812369	1.478280	0.723208	4599.752441
8901.813294	1.436971	0.723208	5928.951172
8901.814222	1.398472	0.723208	7226.732910
8901.815105	1.362898	0.723208	8430.171875
8901.816059	1.115057	0.723208	9493.936523
8901.817024	0.148960	0.723208	9637.682617
8901.817914	0.094852	0.723208	9722.101562
8901.818894	0.094937	0.723208	9815.139648
8901.819802	0.094951	0.723208	9901.355469
8901.820717	0.094948	0.723208	9988.232422
8901.821588	0.095013	0.723208	10070.989258
8901.822542	0.095010	0.723208	10161.628906
8901.823470	0.094969	0.723208	10249.760742
8901.824388	0.094988	0.723208	10336.959961
8901.825265	0.094937	0.723208	10420.219727
8902.799802	1.033693	0.778356	437.251984
8902.800784	1.526008	0.778356	1935.791992
8902.801746	1.513352	0.778356	3391.636719
8902.802641	1.474017	0.778356	4710.882324
8902.803576	1.434152	0.778356	6051.813965
8902.804546	1.394289	0.778356	7404.274902
8902.805453	1.357343	0.778356	8635.384766
8902.806330	1.078927	0.778356	9581.603516
8902.807264	0.134846	0.778356	9707.549805
8902.808199	0.094849	0.778356	9796.233398
8902.809120	0.094966	0.778356	9883.697266
8902.809981	0.094973	0.778356	9965.468750
8902.810949	0.094904	0.778356	10057.334961
8902.811886	0.094962	0.778356	10146.314453
8902.812777	0.094962	0.778356	10230.925781
8902.813695	0.094988	0.778356	10318.125000
8902.814632	0.094969	0.778356	10407.111328
8902.815544	0.094999	0.778356	10493.750000
8903.847359	1.028947	0.711079	438.331207
8903.848226	1.521746	0.711079	1757.684570
8903.849218	1.515681	0.711079	3261.240234
8903.850162	1.474673	0.711079	4653.331543
8903.851089	1.435382	0.711079	5983.930664
8903.851959	1.398182	0.711079	7200.349609
8903.852928	1.360291	0.711079	8518.470703
8903.853887	1.070321	0.711079	9544.908203
8903.854776	0.144283	0.711079	9673.175781
8903.855709	0.094918	0.711079	9761.734375
8903.856627	0.095002	0.711079	9848.946289
8903.857550	0.094933	0.711079	9936.569336
8903.858442	0.094995	0.711079	10021.304687
8903.859350	0.094969	0.711079	10107.537109
8903.860311	0.094885	0.711079	10198.721680
8903.861229	0.094995	0.711079	10285.926758
8903.862092	0.094951	0.711079	10367.869141
8903.863067	0.094918	0.711079	10460.414062
8904.822263	1.094784	0.806010	512.358948
8904.823149	1.525422	0.806010	1863.883057
8904.824072	1.515919	0.806010	3263.076660
8904.824955	1.476844	0.806010	4567.130371
8904.825953	1.435045	0.806010	5999.305664
8904.826884	1.396183	0.806010	7299.151855
8904.827771	1.360503	0.806010	8505.917969
8904.828800	1.013284	0.806010	9548.586914
8904.829690	0.129412	0.806010	9663.763672
8904.830615	0.094882	0.806010	9751.529297
8904.831480	0.094991	0.806010	9833.697266
8904.832459	0.094973	0.806010	9926.675781
8904.833369	0.094969	0.806010	10013.097656
8904.834279	0.094955	0.806010	10099.506836
8904.835153	0.094991	0.806010	10182.529297
8904.836119	0.094933	0.806010	10274.234375
8904.837037	0.095006	0.806010	10361.450195
8904.837899	0.095002	0.806010	10443.342773
8905.883080	1.042112	0.692605	449.150177
8905.884057	1.524005	0.692605	1938.103149
8905.885105	1.509525	0.692605	3520.085449
8905.886015	1.469355	0.692605	4857.199219
8905.886880	1.431229	0.692605	6095.212402
8905.887968	1.387368	0.692605	7604.668945
8905.888958	1.348184	0.692605	8939.371094
8905.889849	0.768175	0.692605	9623.815430
8905.890854	0.102008	0.692605	9726.333984
8905.891911	0.095006	0.692605	9826.755859
8905.892791	0.094969	0.692605	9910.329102
8905.893646	0.094926	0.692605	9991.490234
8905.894702	0.094988	0.692605	10091.796875
8905.895678	0.095010	0.692605	10184.526367
8905.896553	0.095006	0.692605	10267.656250
8905.897413	0.095010	0.692605	10349.364258
8905.898524	0.095072	0.692605	10454.989258
8905.899425	0.094991	0.692605	10540.576172
8906.848740	1.079894	0.832617	503.230469
8906.849635	1.525521	0.832617	1868.572021
8906.850623	1.513477	0.832617	3363.886963
8906.851680	1.467788	0.832617	4915.338867
8906.852587	1.428512	0.832617	6210.999023
8906.853451	1.391294	0.832617	7413.077148
8906.854536	1.350135	0.832617	8877.974609
8906.855536	0.681434	0.832617	9559.409180
8906.856430	0.100115	0.832617	9648.912109
8906.857287	0.095032	0.832617	9730.354492
8906.858389	0.095061	0.832617	9835.111328
8906.859270	0.094977	0.832617	9918.786133
8906.860142	0.094966	0.832617	10001.596680
8906.861130	0.095050	0.832617	10095.505859
8906.862135	0.094958	0.832617	10190.939453
8906.863024	0.095046	0.832617	10275.435547
8906.863886	0.095050	0.832617	10357.369141
8906.864974	0.095010	0.832617	10460.740234
8907.911725	1.124846	0.671855	596.168518
8907.912612	1.529121	0.671855	1952.498779
8907.913479	1.516443	0.671855	3267.254883
8907.914355	1.476160	0.671855	4560.370605
8907.915408	1.432463	0.671855	6068.754395
8907.916309	1.394700	0.671855	7325.378906
8907.917225	1.358917	0.671855	8570.147461
8907.918095	1.068831	0.671855	9500.030273
8907.919103	0.131052	0.671855	9632.130859
8907.920016	0.094904	0.671855	9718.777344
8907.920875	0.094977	0.671855	9800.362305
8907.921897	0.094969	0.671855	9897.420898
8907.922777	0.094893	0.671855	9980.926758
8907.923693	0.094907	0.671855	10067.861328
8907.924553	0.094896	0.671855	10149.471680
8907.925521	0.095006	0.671855	10241.437500
8907.926449	0.094896	0.671855	10329.500977
8907.927334	0.094955	0.671855	10413.536133
8908.877288	1.063769	0.867349	487.206421
8908.878151	1.523558	0.867349	1802.037354
8908.879089	1.515806	0.867349	3223.863037
8908.880040	1.475017	0.867349	4626.604492
8908.880965	1.435576	0.867349	5954.512207
8908.881843	1.398120	0.867349	7182.061523
8908.882814	1.360323	0.867349	8502.935547
8908.883768	1.084471	0.867349	9537.521484
8908.884659	0.143254	0.867349	9665.161133
8908.885571	0.094893	0.867349	9751.703125
8908.886520	0.094907	0.867349	9841.770508
8908.887429	0.094966	0.867349	9928.094727
8908.888295	0.094893	0.867349	10010.271484
8908.889227	0.094940	0.867349	10098.755859
8908.890182	0.094999	0.867349	10189.479492
8908.891074	0.095002	0.867349	10274.221680
8908.891983	0.094918	0.867349	10360.501953
8908.892932	0.095006	0.867349	10450.663086
8909.938205	1.116251	0.640277	571.520630
8909.939085	1.528964	0.640277	1917.008545
8909.939979	1.514681	0.640277	3271.133789
8909.941088	1.467488	0.640277	4898.577637
8909.942054	1.426619	0.640277	6276.691406
8909.942921	1.390485	0.640277	7482.241699
8909.943960	1.349945	0.640277	8884.834961
8909.944990	0.634863	0.640277	9538.744141
8909.945873	0.098851	0.640277	9626.030273
8909.946814	0.094915	0.640277	9715.344727
8909.947858	0.095083	0.640277	9814.611328
8909.948792	0.094980	0.640277	9903.323242
8909.949655	0.094984	0.640277	9985.294922
8909.950721	0.095101	0.640277	10086.672852
8909.951735	0.095010	0.640277	10183.012695
8909.952608	0.094948	0.640277	10265.902344
8909.953558	0.095068	0.640277	10356.216797
8909.954628	0.095032	0.640277	10457.900391
8910.908873	1.051179	0.859659	459.365295
8910.909752	1.523027	0.859659	1798.106201
8910.910743	1.515106	0.859659	3299.576416
8910.911744	1.471179	0.859659	4772.226562
8910.912641	1.432844	0.859659	6057.487793
8910.913522	1.396263	0.859659	7287.595703
8910.914532	1.356826	0.859659	8657.990234
8910.915472	0.982811	0.859659	9581.833008
8910.916344	0.126379	0.859659	9692.036133
8910.917328	0.094929	0.859659	9785.446289
8910.918330	0.094937	0.859659	9880.572266
8910.919209	0.094937	0.859659	9964.021484
8910.920074	0.094969	0.859659	10046.169922
8910.921040	0.095068	0.859659	10138.005859
8910.921980	0.094958	0.859659	10227.266602
8910.922891	0.094940	0.859659	10313.756836
8910.923774	0.094944	0.859659	10397.591797
8910.924806	0.094904	0.859659	10495.532227
8911.964605	1.029075	0.629062	436.327698
8911.965580	1.525649	0.629062	1923.835937
8911.966513	1.514535	0.629062	3336.896973
8911.967427	1.474706	0.629062	4684.778320
8911.968299	1.436063	0.629062	5937.025391
8911.969255	1.396534	0.629062	7272.112305
8911.970207	1.359269	0.629062	8566.136719
8911.971105	1.110992	0.629062	9563.807617
8911.972025	0.155024	0.629062	9706.429687
8911.972970	0.094838	0.629062	9796.050781
8911.973892	0.094951	0.629062	9883.595703
8911.974775	0.094955	0.629062	9967.440430
8911.975698	0.094933	0.629062	10055.063477
8911.976653	0.094918	0.629062	10145.709961
8911.977532	0.094984	0.629062	10229.201172
8911.978440	0.094958	0.629062	10315.423828
8911.979392	0.094969	0.629062	10405.834961
8911.980316	0.094926	0.629062	10493.545898
8912.939515	1.065040	0.849605	503.764038
8912.940405	1.525642	0.849605	1861.585571
8912.941270	1.518094	0.849605	3174.737305
8912.942235	1.476471	0.849605	4599.531738
8912.943167	1.435814	0.849605	5937.710449
8912.944107	1.397135	0.849605	7251.017578
8912.944990	1.361598	0.849605	8453.308594
8912.945908	1.118826	0.849605	9480.390625
8912.946876	0.150212	0.849605	9625.795898
8912.947767	0.094951	0.849605	9710.397461
8912.948683	0.095032	0.849605	9797.446289
8912.949621	0.095013	0.849605	9886.569336
8912.950543	0.094878	0.849605	9974.046875
8912.951429	0.094918	0.849605	10058.144531
8912.952361	0.095054	0.849605	10146.734375
8912.953307	0.094999	0.849605	10236.603516
8912.954232	0.094922	0.849605	10324.406250
8912.955089	0.094999	0.849605	10405.820312
8913.988060	1.070303	0.632534	488.058044
8913.988943	1.525737	0.632534	1835.284180
8913.989923	1.515183	0.632534	3320.163574
8913.990983	1.469074	0.632534	4877.381348
8913.991902	1.429475	0.632534	6191.068848
8913.992771	1.391982	0.632534	7400.701660
8913.993864	1.350374	0.632534	8876.660156
8913.994844	0.710200	0.632534	9572.656250
8913.995721	0.101448	0.632534	9661.625977
8913.996746	0.094969	0.632534	9758.969727
8913.997799	0.095006	0.632534	9859.010742
8913.998677	0.094896	0.632534	9942.330078
8913.999539	0.095021	0.632534	10024.238281
8914.000584	0.095021	0.632534	10123.535156
8914.001554	0.094962	0.632534	10215.648437
8914.002419	0.094977	0.632534	10297.803711
8914.003280	0.095050	0.632534	10379.641602
8914.004400	0.095006	0.632534	10486.048828
8914.970075	1.069852	0.822877	476.084290
8914.970952	1.524038	0.822877	1812.665771
8914.971872	1.516531	0.822877	3207.874023
8914.972840	1.475394	0.822877	4636.055664
8914.973763	1.435866	0.822877	5961.359375
8914.974637	1.398882	0.822877	7183.981934
8914.975621	1.360638	0.822877	8522.850586
8914.976584	1.071947	0.822877	9555.135742
8914.977481	0.139958	0.822877	9680.678711
8914.978368	0.094915	0.822877	9764.868164
8914.979314	0.094958	0.822877	9854.699219
8914.980266	0.094929	0.822877	9945.072266
8914.981137	0.095050	0.822877	10027.861328
8914.982056	0.094929	0.822877	10115.101562
8914.983017	0.095032	0.822877	10206.426758
8914.983944	0.095076	0.822877	10294.561523
8914.984822	0.094969	0.822877	10377.944336
8914.985764	0.094991	0.822877	10467.426758
8916.010530	1.092913	0.623519	572.686157
8916.011496	1.530879	0.623519	2051.515137
8916.012425	1.511550	0.623519	3455.745361
8916.013292	1.472494	0.623519	4732.397461
8916.014308	1.429461	0.623519	6184.729492
8916.015207	1.391744	0.623519	7435.907715
8916.016119	1.355936	0.623519	8672.521484
8916.017005	1.020590	0.623519	9576.763672
8916.017960	0.116400	0.623519	9687.925781
8916.018911	0.094915	0.623519	9778.189453
8916.019804	0.095050	0.623519	9863.069336
8916.020794	0.095145	0.623519	9957.262695
8916.021695	0.094999	0.623519	10042.856445
8916.022614	0.095024	0.623519	10130.183594
8916.023484	0.094999	0.623519	10212.833008
8916.024453	0.095021	0.623519	10304.908203
8916.025360	0.094980	0.623519	10391.055664
8916.026277	0.095068	0.623519	10478.233398
8917.001662	1.034264	0.770061	438.527924
8917.002540	1.522482	0.770061	1775.266846
8917.003401	1.518984	0.770061	3083.112305
8917.004448	1.475599	0.770061	4628.064941
8917.005332	1.437777	0.770061	5899.059570
8917.006206	1.401321	0.770061	7123.813965
8917.007211	1.362012	0.770061	8492.635742
8917.008132	1.119060	0.770061	9523.290039
8917.009047	0.152944	0.770061	9663.234375
8917.009921	0.094988	0.770061	9746.253906
8917.010939	0.094940	0.770061	9842.903320
8917.011835	0.094980	0.770061	9928.005859
8917.012709	0.094980	0.770061	10011.018555
8917.013661	0.095032	0.770061	10101.488281
8917.014649	0.094984	0.770061	10195.333008
8917.015566	0.094991	0.770061	10282.440430
8917.016426	0.095006	0.770061	10364.145508
8917.017452	0.095065	0.770061	10461.681641
8918.033923	1.092477	0.632841	540.776062
8918.034823	1.528370	0.632841	1916.309326
8918.035702	1.516758	0.632841	3249.539551
8918.036703	1.474054	0.632841	4725.067383
8918.037693	1.430731	0.632841	6141.491211
8918.038583	1.393770	0.632841	7381.946289
8918.039448	1.358386	0.632841	8556.950195
8918.040525	0.891478	0.632841	9517.072266
8918.041433	0.111024	0.632841	9617.881836
8918.042302	0.094944	0.632841	9700.387695
8918.043301	0.095109	0.632841	9795.401367
8918.044308	0.095013	0.632841	9891.080078
8918.045181	0.095017	0.632841	9974.030273
8918.046044	0.094948	0.632841	10055.969727
8918.047107	0.094995	0.632841	10156.949219
8918.048030	0.094995	0.632841	10244.629883
8918.048911	0.094988	0.632841	10328.314453
8918.049877	0.095017	0.632841	10420.100586
8919.032323	1.118361	0.722269	543.523193
8919.033199	1.526539	0.722269	1880.771606
8919.034168	1.514370	0.722269	3348.196289
8919.035099	1.473329	0.722269	4719.865234
8919.036026	1.433950	0.722269	6049.137207
8919.036900	1.396937	0.722269	7270.060547
8919.037812	1.360935	0.722269	8511.233398
8919.038765	1.089965	0.722269	9549.969727
8919.039694	0.139014	0.722269	9679.113281
8919.040572	0.094849	0.722269	9762.390625
8919.041519	0.094922	0.722269	9852.281250
8919.042470	0.094907	0.722269	9942.538086
8919.043366	0.095002	0.722269	10027.660156
8919.044467	0.094999	0.722269	10132.253906
8919.045404	0.094966	0.722269	10221.237305
8919.046332	0.094999	0.722269	10309.396484
8919.047194	0.094915	0.722269	10391.212891
8919.048169	0.094962	0.722269	10483.800781
8920.057277	1.028265	0.626754	438.041046
8920.058217	1.522709	0.626754	1869.387207
8920.059180	1.515048	0.626754	3328.377930
8920.060088	1.474471	0.626754	4667.198242
8920.060968	1.436378	0.626754	5931.210937
8920.061921	1.397575	0.626754	7263.099609
8920.062858	1.359496	0.626754	8536.947266
8920.063777	1.105561	0.626754	9552.958008
8920.064646	0.154724	0.626754	9687.413086
8920.065615	0.094772	0.626754	9779.247070
8920.066559	0.094980	0.626754	9868.908203
8920.067448	0.094933	0.626754	9953.303711
8920.068373	0.094937	0.626754	10041.120117
8920.069322	0.095028	0.626754	10131.301758
8920.070251	0.094984	0.626754	10219.541992
8920.071108	0.094984	0.626754	10300.943359
8920.072084	0.095021	0.626754	10393.683594
8920.073039	0.095021	0.626754	10484.428711
8921.061814	1.025834	0.687710	433.927673
8921.062841	1.527349	0.687710	2002.514648
8921.063867	1.508273	0.687710	3550.002441
8921.064761	1.468733	0.687710	4863.049805
8921.065713	1.428666	0.687710	6223.139648
8921.066788	1.383739	0.687710	7710.659180
8921.067735	1.346862	0.687710	8986.136719
8921.068611	0.737018	0.687710	9631.764648
8921.069680	0.097687	0.687710	9736.191406
8921.070679	0.094860	0.687710	9830.956055
8921.071559	0.095006	0.687710	9914.561523
8921.072419	0.094984	0.687710	9996.248047
8921.073506	0.095010	0.687710	10099.523437
8921.074425	0.094999	0.687710	10186.827148
8921.075293	0.094980	0.687710	10269.270508
8921.076277	0.095127	0.687710	10362.875000
8921.077288	0.094948	0.687710	10458.867187
8921.078172	0.095013	0.687710	10542.859375
8922.082745	1.024292	0.634734	430.202637
8922.083711	1.523090	0.634734	1901.507202
8922.084610	1.516157	0.634734	3264.532471
8922.085539	1.476009	0.634734	4635.745117
8922.086409	1.438151	0.634734	5886.936035
8922.087397	1.396611	0.634734	7266.788086
8922.088320	1.360375	0.634734	8522.414062
8922.089243	1.116226	0.634734	9552.690430
8922.090113	0.158954	0.634734	9690.980469
8922.091103	0.094911	0.634734	9784.942383
8922.092009	0.094948	0.634734	9870.964844
8922.092892	0.095057	0.634734	9954.900391
8922.093800	0.095010	0.634734	10041.168945
8922.094743	0.095017	0.634734	10130.770508
8922.095670	0.094980	0.634734	10218.817383
8922.096544	0.095050	0.634734	10301.891602
8922.097503	0.095094	0.634734	10393.086914
8922.098443	0.095010	0.634734	10482.396484
8923.092533	1.145911	0.644313	624.521301
8923.093581	1.532102	0.644313	2230.164307
8923.094472	1.508071	0.644313	3573.855957
8923.095356	1.467792	0.644313	4871.383789
8923.096449	1.422506	0.644313	6426.183105
8923.097403	1.383351	0.644313	7745.899902
8923.098274	1.349033	0.644313	8920.908203
8923.099320	0.607024	0.644313	9555.855469
8923.100344	0.096233	0.644313	9654.398437
8923.101223	0.094937	0.644313	9737.847656
8923.102160	0.095013	0.644313	9826.875000
8923.103202	0.095046	0.644313	9925.913086
8923.104129	0.095002	0.644313	10013.980469
8923.104987	0.094988	0.644313	10095.480469
8923.106017	0.095057	0.644313	10193.389648
8923.107034	0.094991	0.644313	10289.996094
8923.107925	0.095024	0.644313	10374.663086
8923.108861	0.095017	0.644313	10463.598633
8924.110308	1.075887	0.630158	500.287659
8924.111194	1.525529	0.630158	1851.906006
8924.112179	1.514982	0.630158	3344.163086
8924.113216	1.469059	0.630158	4867.577148
8924.114141	1.429329	0.630158	6189.706055
8924.115006	1.392495	0.630158	7394.214355
8924.116085	1.351307	0.630158	8852.275391
8924.117087	0.716953	0.630158	9570.662109
8924.117961	0.101202	0.630158	9659.113281
8924.118941	0.094955	0.630158	9752.168945
8924.119993	0.094955	0.630158	9852.061523
8924.120895	0.094988	0.630158	9937.740234
8924.121760	0.095054	0.630158	10019.961914
8924.122850	0.095142	0.630158	10123.666016
8924.123833	0.095010	0.630158	10217.060547
8924.124723	0.095010	0.630158	10301.619141
8924.125700	0.095043	0.630158	10394.475586
8924.126759	0.095076	0.630158	10495.161133
8925.120020	1.097216	0.662046	559.579895
8925.120891	1.527935	0.662046	1890.410889
8925.121756	1.517886	0.662046	3203.381836
8925.122766	1.473453	0.662046	4691.569824
8925.123751	1.431606	0.662046	6101.702148
8925.124631	1.394956	0.662046	7329.263672
8925.125493	1.359016	0.662046	8500.735352
8925.126615	0.892386	0.662046	9501.993164
8925.127521	0.108721	0.662046	9600.494141
8925.128398	0.095017	0.662046	9683.824219
8925.129410	0.095087	0.662046	9780.051758
8925.130399	0.094973	0.662046	9873.980469
8925.131282	0.095006	0.662046	9957.871094
8925.132138	0.095083	0.662046	10039.261719
8925.133208	0.095116	0.662046	10141.036133
8925.134097	0.095028	0.662046	10225.515625
8925.134971	0.094999	0.662046	10308.544922
8925.135965	0.095116	0.662046	10403.089844
8926.135861	1.130585	0.630166	620.691040
8926.136867	1.532512	0.630166	2162.398437
8926.137764	1.509346	0.630166	3516.281494
8926.138630	1.469872	0.630166	4789.190430
8926.139736	1.424344	0.630166	6364.515625
8926.140662	1.385812	0.630166	7647.777344
8926.141546	1.351143	0.630166	8842.187500
8926.142549	0.726797	0.630166	9571.165039
8926.143542	0.098207	0.630166	9668.684570
8926.144422	0.095035	0.630166	9752.315430
8926.145279	0.095021	0.630166	9833.748047
8926.146366	0.094907	0.630166	9936.912109
8926.147281	0.095043	0.630166	10023.875977
8926.148147	0.095028	0.630166	10106.169922
8926.149117	0.095072	0.630166	10198.389648
8926.150129	0.094988	0.630166	10294.517578
8926.151028	0.095076	0.630166	10379.990234
8926.151890	0.094951	0.630166	10461.837891
8927.148469	1.032250	0.646412	433.544861
8927.149545	1.529447	0.646412	2079.229980
8927.150478	1.510485	0.646412	3488.512207
8927.151354	1.472018	0.646412	4778.000000
8927.152331	1.430757	0.646412	6175.849609
8927.153351	1.388108	0.646412	7591.719727
8927.154238	1.352985	0.646412	8791.817383
8927.155103	0.943151	0.646412	9607.642578
8927.156155	0.106165	0.646412	9719.328125
8927.157079	0.094922	0.646412	9807.036133
8927.157953	0.095013	0.646412	9890.078125
8927.158911	0.095057	0.646412	9981.143555
8927.159946	0.094973	0.646412	10079.440430
8927.160839	0.095043	0.646412	10164.313477
8927.161707	0.094973	0.646412	10246.750000
8927.162761	0.095109	0.646412	10346.994141
8927.163714	0.095028	0.646412	10437.555664
8927.164631	0.095013	0.646412	10524.682617
8928.163312	1.091865	0.634255	510.992920
8928.164191	1.526067	0.634255	1852.405762
8928.165196	1.513813	0.634255	3373.788330
8928.166247	1.468011	0.634255	4916.668457
8928.167146	1.429094	0.634255	6201.424316
8928.168007	1.391796	0.634255	7399.760254
8928.169088	1.350278	0.634255	8859.411133
8928.170090	0.684313	0.634255	9545.092773
8928.170981	0.100221	0.634255	9634.389648
8928.171968	0.095098	0.634255	9728.250977
8928.173024	0.095087	0.634255	9828.662109
8928.173905	0.095002	0.634255	9912.359375
8928.174773	0.095083	0.634255	9994.891602
8928.175863	0.095138	0.634255	10098.591797
8928.176828	0.095046	0.634255	10190.311523
8928.177693	0.095039	0.634255	10272.520508
8928.178771	0.095127	0.634255	10375.067383
8928.179797	0.095061	0.634255	10472.599609
8929.175095	1.122312	0.629727	616.149231
8929.176155	1.531663	0.629727	2239.711670
8929.177070	1.506511	0.629727	3618.169434
8929.177936	1.466455	0.629727	4888.119629
8929.179022	1.421276	0.629727	6431.625000
8929.179998	1.381212	0.629727	7779.687988
8929.180883	1.347202	0.629727	8971.961914
8929.181887	0.599242	0.629727	9573.600586
8929.182932	0.096097	0.629727	9674.022461
8929.183818	0.095010	0.629727	9758.201172
8929.184690	0.095010	0.629727	9841.049805
8929.185794	0.095138	0.629727	9946.082031
8929.186754	0.095035	0.629727	10037.316406
8929.187619	0.095050	0.629727	10119.535156
8929.188646	0.095105	0.629727	10217.208008
8929.189687	0.094977	0.629727	10316.079102
8929.190574	0.095006	0.629727	10400.349609
8929.191496	0.095017	0.629727	10487.955078
8930.190790	1.040632	0.618165	449.553131
8930.191666	1.523280	0.618165	1783.946411
8930.192675	1.515150	0.618165	3312.732910
8930.193603	1.473622	0.618165	4680.253906
8930.194536	1.434265	0.618165	6018.423340
8930.195402	1.396992	0.618165	7228.218750
8930.196445	1.356852	0.618165	8643.415039
8930.197335	1.043467	0.618165	9572.100586
8930.198216	0.138358	0.618165	9693.994141
8930.199214	0.094944	0.618165	9788.748047
8930.200135	0.095068	0.618165	9876.305664
8930.201051	0.095043	0.618165	9963.365234
8930.201910	0.095017	0.618165	10044.985352
8930.202923	0.095010	0.618165	10141.230469
8930.203824	0.095002	0.618165	10226.828125
8930.204702	0.095054	0.618165	10310.285156
8930.205630	0.095035	0.618165	10398.477539
8930.206610	0.094991	0.618165	10491.569336
8931.202490	1.028489	0.590861	434.022247
8931.203448	1.526492	0.590861	1896.401245
8931.204387	1.514443	0.590861	3318.463623
8931.205311	1.474790	0.590861	4681.169434
8931.206176	1.436620	0.590861	5923.845703
8931.207153	1.397098	0.590861	7288.811035
8931.208114	1.359203	0.590861	8595.004883
8931.208999	1.095183	0.590861	9564.242187
8931.209897	0.152710	0.590861	9701.375977
8931.210851	0.094907	0.590861	9791.916992
8931.211773	0.095050	0.590861	9879.552734
8931.212635	0.094988	0.590861	9961.432617
8931.213603	0.094980	0.590861	10053.374023
8931.214545	0.094995	0.590861	10142.859375
8931.215436	0.095039	0.590861	10227.539062
8931.216346	0.095065	0.590861	10314.047852
8931.217295	0.095013	0.590861	10404.215820
8931.218210	0.095054	0.590861	10491.190430
8932.220377	1.077989	0.594757	487.251221
8932.221317	1.528337	0.594757	1923.888428
8932.222202	1.516718	0.594757	3266.183594
8932.223129	1.476108	0.594757	4634.536133
8932.224091	1.435144	0.594757	6015.144531
8932.225035	1.396154	0.594757	7333.113281
8932.225911	1.360873	0.594757	8525.238281
8932.226825	1.115299	0.594757	9544.621094
8932.227786	0.147722	0.594757	9686.582031
8932.228703	0.094874	0.594757	9773.582031
8932.229581	0.094948	0.594757	9856.946289
8932.230511	0.094958	0.594757	9945.257812
8932.231451	0.094929	0.594757	10034.491211
8932.232344	0.094948	0.594757	10119.279297
8932.233375	0.094999	0.594757	10217.222656
8932.234308	0.094948	0.594757	10305.808594
8932.235234	0.094911	0.594757	10393.696289
8932.236098	0.094973	0.594757	10475.752930
8933.226965	1.052944	0.598741	463.295502
8933.227838	1.523470	0.598741	1793.285156
8933.228700	1.519742	0.598741	3103.303223
8933.229671	1.478243	0.598741	4538.677734
8933.230601	1.438316	0.598741	5876.311035
8933.231493	1.400793	0.598741	7125.818848
8933.232382	1.365018	0.598741	8339.320312
8933.233356	1.177738	0.598741	9486.437500
8933.234298	0.168373	0.598741	9645.044922
8933.235187	0.094900	0.598741	9729.411133
8933.236114	0.094991	0.598741	9817.467773
8933.237076	0.095032	0.598741	9908.888672
8933.237997	0.094980	0.598741	9996.365234
8933.238854	0.095002	0.598741	10077.782227
8933.239773	0.094878	0.598741	10164.974609
8933.240724	0.094937	0.598741	10255.258789
8933.241647	0.095006	0.598741	10342.949219
8933.242518	0.095028	0.598741	10425.718750
8934.248895	1.028185	0.560633	436.978516
8934.249835	1.525748	0.560633	1871.182007
8934.250781	1.514348	0.560633	3303.755371
8934.251706	1.474292	0.560633	4667.475586
8934.252587	1.435814	0.560633	5932.427734
8934.253558	1.396205	0.560633	7288.142578
8934.254509	1.359053	0.560633	8580.601562
8934.255402	1.099537	0.560633	9562.488281
8934.256324	0.152043	0.560633	9702.671875
8934.257250	0.094860	0.560633	9790.511719
8934.258201	0.094867	0.560633	9880.730469
8934.259084	0.094922	0.560633	9964.546875
8934.260002	0.094944	0.560633	10051.705078
8934.260946	0.094988	0.560633	10141.374023
8934.261847	0.094973	0.560633	10226.945312
8934.262721	0.094944	0.560633	10309.925781
8934.263633	0.095028	0.560633	10396.591797
8934.264579	0.094933	0.560633	10486.398437
8935.251390	1.034271	0.594527	442.668091
8935.252255	1.521899	0.594527	1759.110962
8935.253237	1.516604	0.594527	3248.416016
8935.254172	1.475885	0.594527	4628.368652
8935.255056	1.437532	0.594527	5899.146484
8935.255962	1.400416	0.594527	7167.923828
8935.256932	1.362133	0.594527	8489.192383
8935.257867	1.129761	0.594527	9545.518555
8935.258738	0.165022	0.594527	9689.252930
8935.259669	0.094867	0.594527	9777.574219
8935.260627	0.095006	0.594527	9868.589844
8935.261547	0.095010	0.594527	9955.999023
8935.262421	0.094958	0.594527	10038.993164
8935.263390	0.094867	0.594527	10130.918945
8935.264337	0.094969	0.594527	10220.855469
8935.265229	0.094966	0.594527	10305.565430
8935.266115	0.094977	0.594527	10389.714844
8935.267048	0.094940	0.594527	10478.293945
8936.278451	1.026837	0.537845	431.271637
8936.279411	1.526964	0.537845	1897.157227
8936.280342	1.515458	0.537845	3308.048340
8936.281233	1.476420	0.537845	4623.538086
8936.282127	1.437524	0.537845	5908.685059
8936.283089	1.397505	0.537845	7253.084961
8936.284031	1.360474	0.537845	8534.651367
8936.284921	1.147848	0.537845	9556.236328
8936.285858	0.167329	0.537845	9713.023437
8936.286807	0.094819	0.537845	9803.006836
8936.287716	0.094999	0.537845	9889.360352
8936.288595	0.094980	0.537845	9972.848633
8936.289504	0.094911	0.537845	10059.123047
8936.290439	0.094915	0.537845	10147.868164
8936.291364	0.094984	0.537845	10235.728516
8936.292229	0.094944	0.537845	10317.854492
8936.293186	0.094955	0.537845	10408.726562
8936.294134	0.094944	0.537845	10498.733398
8937.274807	1.025131	0.600747	432.605133
8937.275792	1.526722	0.600747	1936.426636
8937.276678	1.515579	0.600747	3279.229248
8937.277580	1.476292	0.600747	4610.844238
8937.278459	1.437338	0.600747	5874.264160
8937.279448	1.397271	0.600747	7256.165039
8937.280375	1.360305	0.600747	8517.167969
8937.281263	1.154158	0.600747	9542.059570
8937.282183	0.171094	0.600747	9699.465820
8937.283145	0.094915	0.600747	9790.773437
8937.284069	0.094918	0.600747	9878.477539
8937.284935	0.094904	0.600747	9960.664062
8937.285886	0.094904	0.600747	10050.916992
8937.286840	0.094944	0.600747	10141.493164
8937.287763	0.094944	0.600747	10229.125977
8937.288622	0.094922	0.600747	10310.664062
8937.289570	0.094900	0.600747	10400.628906
8937.290500	0.094882	0.600747	10488.869141
8938.310089	1.044587	0.503137	455.440155
8938.310962	1.523192	0.503137	1785.186890
8938.311892	1.518373	0.503137	3197.273682
8938.312815	1.477577	0.503137	4561.077148
8938.313743	1.438125	0.503137	5895.657227
8938.314617	1.401321	0.503137	7120.411621
8938.315561	1.363301	0.503137	8407.367187
8938.316521	1.145508	0.503137	9507.054687
8938.317419	0.166674	0.503137	9656.727539
8938.318382	0.094885	0.503137	9748.101562
8938.319328	0.094907	0.503137	9837.883789
8938.320247	0.094958	0.503137	9925.150391
8938.321125	0.095010	0.503137	10008.569336
8938.322060	0.094980	0.503137	10097.375977
8938.322999	0.095046	0.503137	10186.625000
8938.323924	0.095013	0.503137	10274.512695
8938.324788	0.094977	0.503137	10356.572266
8938.325747	0.094955	0.503137	10447.633789
8939.299286	1.055830	0.606890	463.509430
8939.300166	1.523943	0.606890	1804.579102
8939.301043	1.519365	0.606890	3137.062500
8939.302002	1.479203	0.606890	4555.618164
8939.302935	1.437905	0.606890	5897.183594
8939.303865	1.399285	0.606890	7198.518555
8939.304734	1.364172	0.606890	8383.984375
8939.305694	1.147082	0.606890	9485.183594
8939.306654	0.161821	0.606890	9640.532227
8939.307577	0.094757	0.606890	9727.993164
8939.308435	0.094885	0.606890	9809.404297
8939.309374	0.094849	0.606890	9898.466797
8939.310323	0.094962	0.606890	9988.585937
8939.311212	0.094918	0.606890	10072.967773
8939.312120	0.094882	0.606890	10159.120117
8939.313036	0.094889	0.606890	10246.038086
8939.313977	0.094973	0.606890	10335.408203
8939.314866	0.094918	0.606890	10419.790039
8940.339669	1.063301	0.484494	477.422089
8940.340581	1.526906	0.484494	1869.959961
8940.341459	1.516904	0.484494	3201.801758
8940.342445	1.474973	0.484494	4656.125488
8940.343373	1.435184	0.484494	5987.976562
8940.344259	1.398391	0.484494	7226.951172
8940.345205	1.361917	0.484494	8515.324219
8940.346123	1.095791	0.484494	9521.260742
8940.347079	0.141808	0.484494	9656.829102
8940.347966	0.094885	0.484494	9740.992187
8940.348887	0.095006	0.484494	9828.493164
8940.349824	0.095010	0.484494	9917.517578
8940.350742	0.094991	0.484494	10004.719727
8940.351602	0.095032	0.484494	10086.447266
8940.352551	0.095017	0.484494	10176.618164
8940.353465	0.094977	0.484494	10263.426758
8940.354390	0.094999	0.484494	10351.300781
8940.355250	0.094933	0.484494	10432.943359
8941.322736	1.080890	0.626282	516.665405
8941.323700	1.527832	0.626282	1989.495483
8941.324628	1.512814	0.626282	3393.386719
8941.325499	1.474039	0.626282	4677.274902
8941.326480	1.433262	0.626282	6083.304687
8941.327381	1.393975	0.626282	7339.275879
8941.328304	1.358075	0.626282	8592.779297
8941.329179	1.061001	0.626282	9521.155273
8941.330161	0.131700	0.626282	9650.485352
8941.331106	0.094871	0.626282	9740.137695
8941.331998	0.094955	0.626282	9824.837891
8941.332903	0.094885	0.626282	9910.708984
8941.333861	0.094962	0.626282	10001.682617
8941.334750	0.094893	0.626282	10086.041992
8941.335635	0.094980	0.626282	10170.099609
8941.336581	0.094937	0.626282	10259.909180
8941.337521	0.094900	0.626282	10349.115234
8941.338397	0.094929	0.626282	10432.273437
8942.371338	1.098604	0.457133	548.203186
8942.372267	1.530216	0.457133	1969.773926
8942.373131	1.515410	0.457133	3279.088379
8942.374208	1.469150	0.457133	4861.363281
8942.375198	1.426699	0.457133	6273.795410
8942.376090	1.389979	0.457133	7513.656738
8942.377063	1.352175	0.457133	8829.323242
8942.378106	0.686642	0.457133	9545.490234
8942.379012	0.099390	0.457133	9635.537109
8942.379874	0.094926	0.457133	9717.363281
8942.380972	0.094995	0.457133	9821.667969
8942.381965	0.094933	0.457133	9915.936523
8942.382843	0.095010	0.457133	9999.355469
8942.383830	0.094969	0.457133	10093.090820
8942.384856	0.094966	0.457133	10190.525391
8942.385741	0.094944	0.457133	10274.550781
8942.386607	0.094977	0.457133	10356.800781
8942.387675	0.095046	0.457133	10458.310547
8943.346161	1.094103	0.673434	524.075195
8943.347114	1.528447	0.673434	1980.685425
8943.348044	1.512960	0.673434	3387.738281
8943.348913	1.474347	0.673434	4668.945801
8943.349890	1.433258	0.673434	6069.238770
8943.350849	1.393755	0.673434	7405.849609
8943.351744	1.357804	0.673434	8621.083984
8943.352646	1.056467	0.673434	9574.017578
8943.353595	0.130518	0.673434	9697.878906
8943.354535	0.094867	0.673434	9787.053711
8943.355406	0.094980	0.673434	9869.781250
8943.356317	0.095021	0.673434	9956.344727
8943.357267	0.094915	0.673434	10046.513672
8943.358191	0.095013	0.673434	10134.305664
8943.359069	0.095013	0.673434	10217.727539
8943.360036	0.095002	0.673434	10309.594727
8943.360963	0.094933	0.673434	10397.597656
8943.361873	0.095006	0.673434	10484.052734
8944.400859	1.058199	0.415460	470.898743
8944.401735	1.524796	0.415460	1806.620117
8944.402642	1.518563	0.415460	3183.957031
8944.403597	1.476973	0.415460	4594.465820
8944.404536	1.436532	0.415460	5943.369141
8944.405420	1.399724	0.415460	7180.725098
8944.406362	1.361250	0.415460	8463.022461
8944.407322	1.088397	0.415460	9507.883789
8944.408250	0.141584	0.415460	9639.274414
8944.409110	0.094838	0.415460	9720.834961
8944.410078	0.094980	0.415460	9812.776367
8944.411026	0.094922	0.415460	9902.762695
8944.411910	0.094980	0.415460	9986.725586
8944.412831	0.094988	0.415460	10074.208984
8944.413744	0.094948	0.415460	10160.896484
8944.414672	0.095002	0.415460	10249.058594
8944.415564	0.094969	0.415460	10333.771484
8944.416555	0.095006	0.415460	10427.922852
8945.373646	1.041965	0.694494	454.296906
8945.374515	1.522441	0.694494	1777.298462
8945.375471	1.516794	0.694494	3227.354004
8945.376406	1.475621	0.694494	4607.060059
8945.377324	1.436118	0.694494	5925.416504
8945.378206	1.398457	0.694494	7158.855469
8945.379178	1.360759	0.694494	8481.513672
8945.380127	1.099406	0.694494	9524.849609
8945.381026	0.146722	0.694494	9656.752930
8945.381948	0.094915	0.694494	9744.263672
8945.382907	0.094951	0.694494	9835.322266
8945.383826	0.094988	0.694494	9922.616211
8945.384690	0.095035	0.694494	10004.726562
8945.385647	0.094984	0.694494	10095.625977
8945.386593	0.094962	0.694494	10185.459961
8945.387511	0.095021	0.694494	10272.689453
8945.388370	0.095050	0.694494	10354.337891
8945.389312	0.094933	0.694494	10443.764648
8946.426343	1.066494	0.396229	496.986267
8946.427281	1.528839	0.396229	1931.037354
8946.428170	1.516234	0.396229	3278.969482
8946.429087	1.476500	0.396229	4632.920410
8946.430055	1.435170	0.396229	6022.164551
8946.430982	1.396318	0.396229	7316.551758
8946.431855	1.361133	0.396229	8504.820312
8946.432780	1.081069	0.396229	9504.809570
8946.433727	0.141409	0.396229	9638.723633
8946.434652	0.094882	0.396229	9726.489258
8946.435530	0.094918	0.396229	9809.827148
8946.436501	0.095054	0.396229	9902.124023
8946.437447	0.094995	0.396229	9991.989258
8946.438334	0.094937	0.396229	10076.198242
8946.439203	0.094929	0.396229	10158.691406
8946.440326	0.094999	0.396229	10265.375000
8946.441342	0.094973	0.396229	10361.868164
8946.442237	0.095028	0.396229	10446.917969
8947.400128	1.031916	0.712259	440.628357
8947.400995	1.521639	0.712259	1759.889648
8947.401939	1.517908	0.712259	3192.794434
8947.402878	1.476866	0.712259	4579.572266
8947.403778	1.438173	0.712259	5873.927734
8947.404645	1.401171	0.712259	7088.742676
8947.405620	1.362773	0.712259	8417.447266
8947.406576	1.147189	0.712259	9514.160156
8947.407458	0.170830	0.712259	9664.832031
8947.408370	0.094863	0.712259	9751.347656
8947.409315	0.094969	0.712259	9841.093750
8947.410232	0.094948	0.712259	9928.160156
8947.411113	0.094969	0.712259	10011.828125
8947.412037	0.094889	0.712259	10099.505859
8947.412982	0.094929	0.712259	10189.213867
8947.413905	0.094874	0.712259	10276.783203
8947.414764	0.094918	0.712259	10358.318359
8947.415731	0.094984	0.712259	10450.167969
8948.450756	1.039457	0.398034	446.966400
8948.451619	1.522899	0.398034	1761.228394
8948.452611	1.516743	0.398034	3265.837646
8948.453536	1.475870	0.398034	4631.017578
8948.454429	1.437565	0.398034	5914.762695
8948.455340	1.399479	0.398034	7189.687988
8948.456310	1.361320	0.398034	8510.167969
8948.457242	1.114662	0.398034	9549.033203
8948.458128	0.153867	0.398034	9685.359375
8948.459098	0.094900	0.398034	9777.412109
8948.460023	0.095002	0.398034	9865.289062
8948.460927	0.094962	0.398034	9951.134766
8948.461786	0.094966	0.398034	10032.709961
8948.462748	0.094969	0.398034	10124.070312
8948.463687	0.094951	0.398034	10213.229492
8948.464562	0.094951	0.398034	10296.311523
8948.465476	0.094944	0.398034	10383.089844
8948.466424	0.094969	0.398034	10473.121094
8949.429728	1.062737	0.694002	478.231598
8949.430608	1.524426	0.694002	1819.726807
8949.431523	1.517776	0.694002	3208.491699
8949.432489	1.476548	0.694002	4634.836914
8949.433419	1.436122	0.694002	5970.430176
8949.434289	1.398900	0.694002	7187.473145
8949.435231	1.360518	0.694002	8469.081055
8949.436194	1.071790	0.694002	9501.214844
8949.437117	0.141039	0.694002	9631.393555
8949.437990	0.094812	0.694002	9714.164062
8949.438960	0.094951	0.694002	9806.266602
8949.439915	0.094962	0.694002	9896.955078
8949.440805	0.094933	0.694002	9981.445312
8949.441696	0.094966	0.694002	10066.059570
8949.442635	0.094962	0.694002	10155.229492
8949.443575	0.094966	0.694002	10244.497070
8949.444457	0.094973	0.694002	10328.263672
8949.445368	0.095002	0.694002	10414.810547
8950.475249	1.074181	0.389820	502.716675
8950.476176	1.528682	0.389820	1919.804565
8950.477067	1.516183	0.389820	3270.723633
8950.477983	1.476888	0.389820	4623.553711
8950.478919	1.435327	0.389820	5967.019531
8950.479876	1.396044	0.389820	7303.033203
8950.480765	1.360671	0.389820	8512.669922
8950.481700	1.080480	0.389820	9522.917969
8950.482662	0.139618	0.389820	9657.230469
8950.483578	0.094845	0.389820	9744.108398
8950.484436	0.094966	0.389820	9825.588867
8950.485386	0.094944	0.389820	9915.785156
8950.486329	0.094962	0.389820	10005.333984
8950.487237	0.094973	0.389820	10091.569336
8950.488098	0.094988	0.389820	10173.353516
8950.489067	0.095024	0.389820	10265.432617
8950.490014	0.094988	0.389820	10355.385742
8950.490903	0.094984	0.389820	10439.826172
8951.459312	1.054230	0.642154	497.596436
8951.460188	1.525712	0.642154	1834.119873
8951.461113	1.516783	0.642154	3237.144531
8951.462039	1.475196	0.642154	4603.176758
8951.462967	1.435814	0.642154	5935.612305
8951.463832	1.398655	0.642154	7145.448730
8951.464833	1.359968	0.642154	8506.777344
8951.465785	1.078063	0.642154	9533.092773
8951.466678	0.141566	0.642154	9659.511719
8951.467587	0.094805	0.642154	9745.689453
8951.468545	0.094944	0.642154	9836.645508
8951.469467	0.094893	0.642154	9924.136719
8951.470329	0.094937	0.642154	10005.971680
8951.471241	0.094973	0.642154	10092.586914
8951.472190	0.094969	0.642154	10182.712891
8951.473116	0.094980	0.642154	10270.665039
8951.473993	0.094937	0.642154	10353.924805
8951.474961	0.094988	0.642154	10445.873047
8952.498677	1.066307	0.395311	501.164490
8952.499579	1.526576	0.395311	1878.135986
8952.500454	1.517915	0.395311	3206.311768
8952.501374	1.478295	0.395311	4566.342773
8952.502318	1.436733	0.395311	5922.619141
8952.503263	1.397032	0.395311	7242.814453
8952.504159	1.361880	0.395311	8463.058594
8952.505075	1.122147	0.395311	9490.945312
8952.506043	0.146722	0.395311	9632.972656
8952.506934	0.094915	0.395311	9717.541992
8952.507846	0.095006	0.395311	9804.187500
8952.508794	0.094966	0.395311	9894.214844
8952.509716	0.094948	0.395311	9981.756836
8952.510579	0.094999	0.395311	10063.741211
8952.511526	0.094977	0.395311	10153.684570
8952.512445	0.094999	0.395311	10240.988281
8952.513363	0.095057	0.395311	10328.250977
8952.514235	0.094973	0.395311	10411.067383
8953.490931	1.067618	0.575981	513.524414
8953.491868	1.528623	0.575981	1945.844116
8953.492789	1.514106	0.575981	3340.335937
8953.493672	1.475233	0.575981	4642.966797
8953.494634	1.434126	0.575981	6022.596191
8953.495572	1.394132	0.575981	7330.291992
8953.496506	1.358086	0.575981	8598.744141
8953.497371	1.074390	0.575981	9528.090820
8953.498344	0.138842	0.575981	9663.183594
8953.499289	0.094871	0.575981	9752.835937
8953.500157	0.095032	0.575981	9835.323242
8953.501071	0.094973	0.575981	9922.128906
8953.502034	0.094980	0.575981	10013.594727
8953.502957	0.094933	0.575981	10101.217773
8953.503831	0.094977	0.575981	10184.227539
8953.504775	0.094929	0.575981	10273.840820
8953.505724	0.094911	0.575981	10363.911133
8953.506615	0.094988	0.575981	10448.544922
8954.521060	1.093118	0.407589	510.485931
8954.522003	1.529106	0.407589	1952.433350
8954.522941	1.514073	0.407589	3372.634277
8954.523815	1.474706	0.407589	4661.527344
8954.524783	1.434214	0.407589	6049.846680
8954.525725	1.395143	0.407589	7364.071289
8954.526621	1.359507	0.407589	8582.189453
8954.527550	1.070775	0.407589	9576.939453
8954.528500	0.132008	0.407589	9702.346680
8954.529406	0.094907	0.407589	9788.333008
8954.530293	0.094958	0.407589	9872.561523
8954.531203	0.095010	0.407589	9959.020508
8954.532160	0.095028	0.407589	10049.961914
8954.533050	0.094984	0.407589	10134.498047
8954.533957	0.095046	0.407589	10220.705078
8954.534911	0.095010	0.407589	10311.344727
8954.535835	0.094999	0.407589	10399.124023
8954.536700	0.095094	0.407589	10481.379883
8955.520558	1.151448	0.528954	622.933228
8955.521448	1.529154	0.528954	1983.880371
8955.522378	1.513491	0.528954	3391.427246
8955.523243	1.474530	0.528954	4666.895508
8955.524208	1.433694	0.528954	6050.410156
8955.525137	1.394923	0.528954	7346.293945
8955.526025	1.359650	0.528954	8553.663086
8955.526950	1.078400	0.528954	9551.182617
8955.527902	0.130239	0.528954	9675.169922
8955.528846	0.094849	0.528954	9764.707031
8955.529737	0.094995	0.528954	9849.347656
8955.530652	0.095006	0.528954	9936.278320
8955.531608	0.094995	0.528954	10027.093750
8955.532524	0.094984	0.528954	10114.099609
8955.533393	0.094958	0.528954	10196.618164
8955.534325	0.094951	0.528954	10285.112305
8955.535261	0.094937	0.528954	10373.972656
8955.536153	0.094995	0.528954	10458.708008
8956.544513	1.093099	0.400942	526.873901
8956.545435	1.528260	0.400942	1935.930054
8956.546309	1.516626	0.400942	3261.461182
8956.547218	1.476896	0.400942	4603.959473
8956.548175	1.435843	0.400942	5978.061523
8956.549104	1.397139	0.400942	7276.003418
8956.549982	1.362085	0.400942	8471.914062
8956.550900	1.117808	0.400942	9498.061523
8956.551877	0.140526	0.400942	9635.355469
8956.552800	0.094926	0.400942	9722.971680
8956.553663	0.094962	0.400942	9804.923828
8956.554635	0.094882	0.400942	9897.148437
8956.555588	0.094893	0.400942	9987.581055
8956.556475	0.094977	0.400942	10071.825195
8956.557384	0.094969	0.400942	10158.152344
8956.558317	0.094991	0.400942	10246.779297
8956.559255	0.094922	0.400942	10335.816406
8956.560143	0.095002	0.400942	10420.178711
8957.550009	1.027661	0.496679	433.672974
8957.550918	1.522515	0.496679	1817.638672
8957.551868	1.516523	0.496679	3258.335937
8957.552797	1.476138	0.496679	4629.667969
8957.553676	1.437927	0.496679	5893.605957
8957.554638	1.397999	0.496679	7238.481445
8957.555581	1.359840	0.496679	8520.810547
8957.556518	1.100654	0.496679	9552.123047
8957.557385	0.154629	0.496679	9686.186523
8957.558351	0.094860	0.496679	9777.821289
8957.559298	0.094991	0.496679	9867.778320
8957.560171	0.095072	0.496679	9950.776367
8957.561084	0.094977	0.496679	10037.490234
8957.562042	0.095024	0.496679	10128.523437
8957.562964	0.095035	0.496679	10216.146484
8957.563840	0.095039	0.496679	10299.400391
8957.564809	0.094980	0.496679	10391.436523
8957.565747	0.095028	0.496679	10480.573242
8958.567911	1.077235	0.429551	504.146027
8958.568811	1.526993	0.429551	1878.440063
8958.569731	1.516289	0.429551	3273.426025
8958.570600	1.477485	0.429551	4557.360840
8958.571566	1.436415	0.429551	5944.937500
8958.572514	1.397439	0.429551	7269.709473
8958.573410	1.361594	0.429551	8489.698242
8958.574327	1.142043	0.429551	9536.952148
8958.575293	0.152439	0.429551	9684.208008
8958.576181	0.094871	0.429551	9768.453125
8958.577053	0.094948	0.429551	9851.247070
8958.578010	0.094995	0.429551	9942.157227
8958.578961	0.094940	0.429551	10032.445312
8958.579849	0.094988	0.429551	10116.794922
8958.580755	0.094933	0.429551	10202.803711
8958.581714	0.094955	0.429551	10293.865234
8958.582637	0.094980	0.429551	10381.532227
8958.583503	0.094991	0.429551	10463.794922
8959.577579	1.102145	0.483913	522.416626
8959.578522	1.529183	0.483913	1964.436523
8959.579453	1.513586	0.483913	3373.585449
8959.580322	1.474958	0.483913	4655.324219
8959.581285	1.434401	0.483913	6036.652344
8959.582236	1.395150	0.483913	7363.439941
8959.583132	1.359364	0.483913	8581.429687
8959.584044	1.071511	0.483913	9558.647461
8959.584986	0.134476	0.483913	9685.324219
8959.585916	0.094896	0.483913	9773.578125
8959.586810	0.095010	0.483913	9858.516602
8959.587727	0.094944	0.483913	9945.580078
8959.588684	0.094955	0.483913	10036.452148
8959.589604	0.094988	0.483913	10123.840820
8959.590467	0.094951	0.483913	10205.783203
8959.591434	0.094940	0.483913	10297.590820
8959.592379	0.094911	0.483913	10387.281250
8959.593264	0.094973	0.483913	10471.332031
8960.593340	1.026325	0.427308	432.082611
8960.594312	1.525887	0.427308	1915.245239
8960.595242	1.514509	0.427308	3323.738770
8960.596169	1.474442	0.427308	4690.546875
8960.597037	1.436034	0.427308	5937.024414
8960.598012	1.396205	0.427308	7298.324219
8960.598958	1.358811	0.427308	8583.759766
8960.599843	1.103628	0.427308	9560.470703
8960.600766	0.152574	0.427308	9701.296875
8960.601713	0.094918	0.427308	9791.184570
8960.602636	0.095028	0.427308	9878.895508
8960.603509	0.095013	0.427308	9961.841797
8960.604436	0.094958	0.427308	10049.868164
8960.605377	0.095035	0.427308	10139.296875
8960.606293	0.095032	0.427308	10226.345703
8960.607153	0.094948	0.427308	10308.000977
8960.608115	0.095050	0.427308	10399.439453
8960.609067	0.094977	0.427308	10489.857422
