time (s)	coil I (A)	last det (V)	int current (uC)
6562.221619	1.101097	0.106959	582.480530
6562.222702	1.533904	0.106959	2243.698242
6562.223636	1.509159	0.106959	3653.252686
6562.224500	1.469982	0.106959	4923.316895
6562.225588	1.424538	0.106959	6473.214844
6562.226615	0.386217	0.106959	6869.859863
6562.227489	0.095746	0.106959	6953.541504
6562.228355	0.094915	0.106959	7035.737305
6562.229436	0.094988	0.106959	7138.418945
6562.230355	0.094922	0.106959	7225.652344
6562.231232	0.094991	0.106959	7308.959961
6562.232204	0.095046	0.106959	7401.345215
6562.233218	0.094933	0.106959	7497.606934
6562.234107	0.094984	0.106959	7582.047852
6562.234968	0.095068	0.106959	7663.901855
6563.192354	1.115515	0.176871	567.797180
6563.193312	1.532952	0.176871	2036.364990
6563.194174	1.517765	0.176871	3344.678223
6563.195260	1.470688	0.176871	4941.845703
6563.196295	1.426677	0.176871	6418.456543
6563.197181	0.617853	0.176871	6965.874023
6563.198110	0.099221	0.176871	7058.050293
6563.199178	0.094966	0.176871	7159.473633
6563.200112	0.095010	0.176871	7248.212891
6563.200983	0.094955	0.176871	7330.918457
6563.202011	0.094966	0.176871	7428.543457
6563.203031	0.094929	0.176871	7525.371094
6563.203925	0.094918	0.176871	7610.228027
6563.204874	0.094929	0.176871	7700.315918
6563.205915	0.094911	0.176871	7799.118164
6563.206860	0.094951	0.176871	7888.847168
6564.240823	1.022585	0.135448	430.508453
6564.241738	1.522881	0.135448	1823.944458
6564.242802	1.516003	0.135448	3436.972168
6564.243691	1.476541	0.135448	4749.616699
6564.244553	1.438967	0.135448	5990.006836
6564.245585	0.861687	0.135448	6879.267578
6564.246561	0.103363	0.135448	6980.149902
6564.247432	0.094812	0.135448	7062.730957
6564.248296	0.094893	0.135448	7144.718262
6564.249386	0.094904	0.135448	7248.163086
6564.250276	0.094893	0.135448	7332.617676
6564.251158	0.094929	0.135448	7416.345215
6564.252152	0.094973	0.135448	7510.748535
6564.253152	0.095002	0.135448	7605.750977
6564.254044	0.095043	0.135448	7690.529297
6564.254905	0.095024	0.135448	7772.345215
6565.203396	1.036864	0.159267	451.035797
6565.204263	1.523415	0.159267	1771.836914
6565.205338	1.516110	0.159267	3401.654785
6565.206334	1.472468	0.159267	4868.233398
6565.207219	1.434591	0.159267	6137.846680
6565.208216	0.754753	0.159267	6890.335937
6565.209267	0.098456	0.159267	6993.812988
6565.210166	0.094816	0.159267	7079.052246
6565.211028	0.094937	0.159267	7160.887695
6565.212118	0.094988	0.159267	7264.424316
6565.213099	0.094922	0.159267	7357.542480
6565.213956	0.094999	0.159267	7438.956543
6565.214948	0.094984	0.159267	7533.180664
6565.215986	0.094929	0.159267	7631.717285
6565.216881	0.094955	0.159267	7716.701660
6565.217751	0.094955	0.159267	7799.312500
6566.287302	1.031748	0.135702	444.683411
6566.288180	1.524987	0.135702	1783.621582
6566.289121	1.521295	0.135702	3215.160400
6566.290063	1.479998	0.135702	4609.318359
6566.290989	1.440381	0.135702	5943.110840
6566.291868	1.095304	0.135702	6905.882812
6566.292804	0.136758	0.135702	7033.888184
6566.293741	0.094863	0.135702	7122.774902
6566.294658	0.094926	0.135702	7209.821777
6566.295522	0.094973	0.135702	7291.878418
6566.296451	0.094999	0.135702	7380.132324
6566.297363	0.095028	0.135702	7466.797852
6566.298284	0.095010	0.135702	7554.301758
6566.299159	0.095002	0.135702	7637.428711
6566.300125	0.094948	0.135702	7729.147949
6566.301083	0.095010	0.135702	7820.167480
6567.223237	1.035769	0.211490	449.523743
6567.224115	1.524023	0.211490	1787.616211
6567.224989	1.523460	0.211490	3119.119873
6567.225943	1.483685	0.211490	4534.555664
6567.226883	1.442743	0.211490	5890.733887
6567.227816	1.082776	0.211490	6900.963867
6567.228673	0.141204	0.211490	7021.975586
6567.229643	0.094845	0.211490	7113.975098
6567.230592	0.094948	0.211490	7204.080078
6567.231513	0.095006	0.211490	7291.580566
6567.232373	0.094929	0.211490	7373.219727
6567.233350	0.094889	0.211490	7465.926270
6567.234302	0.094933	0.211490	7556.302246
6567.235187	0.094977	0.211490	7640.356934
6567.236092	0.094984	0.211490	7726.317383
6567.237048	0.094889	0.211490	7817.031250
6568.310215	1.037589	0.132169	454.464020
6568.311076	1.523675	0.132169	1766.348511
6568.312146	1.516187	0.132169	3388.668213
6568.313063	1.475826	0.132169	4742.000977
6568.313944	1.438162	0.132169	6009.021484
6568.314930	0.875746	0.132169	6872.506836
6568.315941	0.101744	0.132169	6975.370605
6568.316832	0.094797	0.132169	7059.834961
6568.317695	0.095013	0.132169	7141.831543
6568.318754	0.094915	0.132169	7242.346191
6568.319686	0.094948	0.132169	7330.837402
6568.320562	0.094966	0.132169	7414.027344
6568.321530	0.095028	0.132169	7506.014648
6568.322542	0.094860	0.132169	7602.012695
6568.323425	0.094926	0.132169	7685.832031
6568.324284	0.094951	0.132169	7767.395020
6569.247802	1.126326	0.213903	618.352844
6569.248854	1.533574	0.213903	2231.672852
6569.249753	1.510759	0.213903	3589.845459
6569.250621	1.470879	0.213903	4866.568359
6569.251730	1.425403	0.213903	6447.339844
6569.252706	0.465234	0.213903	6901.408691
6569.253579	0.096687	0.213903	6985.816406
6569.254436	0.094962	0.213903	7067.199219
6569.255554	0.094991	0.213903	7173.399902
6569.256429	0.094900	0.213903	7256.437500
6569.257308	0.094969	0.213903	7339.915527
6569.258301	0.095032	0.213903	7434.282227
6569.259296	0.095002	0.213903	7528.809570
6569.260187	0.095057	0.213903	7613.505859
6569.261047	0.094995	0.213903	7695.201660
6569.262134	0.094973	0.213903	7798.437500
6570.334148	1.033283	0.150981	441.211639
6570.335114	1.524174	0.150981	1913.563354
6570.336069	1.517369	0.150981	3362.651123
6570.336974	1.477196	0.150981	4699.513672
6570.337861	1.438759	0.150981	5975.692383
6570.338889	0.856501	0.150981	6856.175781
6570.339789	0.106564	0.150981	6952.083008
6570.340665	0.094845	0.150981	7035.166992
6570.341562	0.094958	0.150981	7120.344727
6570.342565	0.095006	0.150981	7215.635742
6570.343495	0.094929	0.150981	7303.919922
6570.344369	0.094962	0.150981	7386.916992
6570.345372	0.095032	0.150981	7482.233887
6570.346282	0.094984	0.150981	7568.669434
6570.347201	0.094995	0.150981	7655.969727
6570.348057	0.094999	0.150981	7737.288574
6571.288587	1.092371	0.197649	550.554810
6571.289486	1.529934	0.197649	1925.965576
6571.290355	1.518600	0.197649	3245.628906
6571.291433	1.472988	0.197649	4833.510254
6571.292430	1.429999	0.197649	6259.218750
6571.293328	0.759437	0.197649	6941.193359
6571.294319	0.101858	0.197649	7042.134766
6571.295367	0.094973	0.197649	7141.666504
6571.296267	0.095050	0.197649	7227.211426
6571.297130	0.095083	0.197649	7309.268066
6571.298241	0.095105	0.197649	7414.929687
6571.299215	0.094962	0.197649	7507.422852
6571.300088	0.095028	0.197649	7590.382324
6571.300955	0.095043	0.197649	7672.784180
6571.302052	0.095083	0.197649	7777.090332
6571.302938	0.094973	0.197649	7861.236328
6572.338213	1.123224	0.192219	582.953186
6572.339172	1.533127	0.192219	2053.222412
6572.340047	1.516688	0.192219	3380.324707
6572.340971	1.475911	0.192219	4744.065918
6572.342048	1.430684	0.192219	6284.912109
6572.342935	0.761345	0.192219	6960.225098
6572.343793	0.103857	0.192219	7049.334961
6572.344829	0.095024	0.192219	7147.780273
6572.345772	0.095013	0.192219	7237.377930
6572.346647	0.095013	0.192219	7320.514648
6572.347537	0.095061	0.192219	7405.119141
6572.348629	0.095054	0.192219	7508.917969
6572.349520	0.095054	0.192219	7593.610840
6572.350383	0.095054	0.192219	7675.642090
6572.351446	0.095116	0.192219	7776.750488
6572.352417	0.095065	0.192219	7869.058105
6573.337065	1.053948	0.186579	495.355469
6573.338136	1.532380	0.186579	2136.534668
6573.339097	1.510821	0.186579	3588.434082
6573.339964	1.472186	0.186579	4864.819336
6573.341010	1.427816	0.186579	6358.314941
6573.342040	0.483384	0.186579	6856.200195
6573.342923	0.096764	0.186579	6941.642578
6573.343884	0.095021	0.186579	7032.957520
6573.344932	0.094926	0.186579	7132.439453
6573.345856	0.095072	0.186579	7220.286133
6573.346712	0.095017	0.186579	7301.620605
6573.347777	0.095043	0.186579	7402.841309
6573.348786	0.095002	0.186579	7498.698730
6573.349653	0.094991	0.186579	7581.056152
6573.350611	0.095035	0.186579	7672.100098
6573.351652	0.095046	0.186579	7771.043457
6574.329792	1.024493	0.222326	438.483185
6574.330824	1.528535	0.222326	2015.931396
6574.331861	1.511257	0.222326	3583.105225
6574.332749	1.471765	0.222326	4890.032715
6574.333681	1.431856	0.222326	6224.521973
6574.334740	0.599055	0.222326	6858.921387
6574.335672	0.097233	0.222326	6949.541992
6574.336532	0.094860	0.222326	7031.121094
6574.337591	0.095072	0.222326	7131.802246
6574.338612	0.094937	0.222326	7228.732422
6574.339490	0.094951	0.222326	7312.099609
6574.340439	0.095054	0.222326	7402.305664
6574.341499	0.095024	0.222326	7503.031738
6574.342410	0.094958	0.222326	7589.539062
6574.343276	0.094969	0.222326	7671.782715
6574.344308	0.095065	0.222326	7769.889648
6575.404033	1.068248	0.200594	529.851135
6575.405080	1.533146	0.200594	2135.054687
6575.405960	1.514052	0.200594	3467.419922
6575.406836	1.475537	0.200594	4759.990234
6575.407758	1.434983	0.200594	6083.044434
6575.408773	0.770922	0.200594	6865.529785
6575.409693	0.101631	0.200594	6959.030273
6575.410571	0.094893	0.200594	7042.346191
6575.411592	0.094988	0.200594	7139.328613
6575.412502	0.094991	0.200594	7225.770996
6575.413429	0.094988	0.200594	7313.824707
6575.414295	0.095010	0.200594	7396.103027
6575.415347	0.094929	0.200594	7495.968750
6575.416238	0.094988	0.200594	7580.603027
6575.417110	0.094999	0.200594	7663.441895
6575.418114	0.094962	0.200594	7758.783691
6576.336913	1.077642	0.174115	551.752502
6576.337974	1.533014	0.174115	2178.280273
6576.338903	1.510594	0.174115	3581.622559
6576.339776	1.471600	0.174115	4866.329590
6576.340850	1.426384	0.174115	6398.266113
6576.341860	0.446799	0.174115	6849.533203
6576.342754	0.096288	0.174115	6935.614746
6576.343726	0.094933	0.174115	7027.889648
6576.344774	0.094984	0.174115	7127.433105
6576.345681	0.094966	0.174115	7213.566895
6576.346548	0.095010	0.174115	7295.940430
6576.347641	0.095010	0.174115	7399.786133
6576.348626	0.095013	0.174115	7493.374512
6576.349511	0.095002	0.174115	7577.451660
6576.350497	0.095057	0.174115	7671.178223
6576.351542	0.094995	0.174115	7770.448242
6577.421800	1.080846	0.224345	496.108307
6577.422688	1.526935	0.224345	1852.026367
6577.423558	1.521661	0.224345	3175.871826
6577.424556	1.479247	0.224345	4652.160156
6577.425482	1.437924	0.224345	5983.677246
6577.426411	0.992102	0.224345	6905.339844
6577.427286	0.121586	0.224345	7011.727539
6577.428327	0.094915	0.224345	7110.533691
6577.429216	0.095024	0.224345	7195.010254
6577.430093	0.094977	0.224345	7278.304687
6577.431060	0.095046	0.224345	7370.214355
6577.432019	0.095032	0.224345	7461.349609
6577.432935	0.095006	0.224345	7548.375000
6577.433802	0.095028	0.224345	7630.764160
6577.434842	0.094995	0.224345	7729.559082
6577.435707	0.094991	0.224345	7811.726562
6578.397218	1.099717	0.191901	582.849915
6578.398250	1.533962	0.191901	2165.899170
6578.399147	1.512246	0.191901	3522.383789
6578.400027	1.473563	0.191901	4819.119629
6578.401000	1.432562	0.191901	6213.002930
6578.401958	0.725687	0.191901	6908.211426
6578.402880	0.100170	0.191901	7000.567871
6578.403746	0.094893	0.191901	7082.744629
6578.404780	0.094999	0.191901	7180.973145
6578.405666	0.094907	0.191901	7265.061035
6578.406539	0.095013	0.191901	7348.007812
6578.407471	0.095094	0.191901	7436.635254
6578.408474	0.094933	0.191901	7531.853027
6578.409364	0.094929	0.191901	7616.339844
6578.410253	0.095006	0.191901	7700.800293
6578.411243	0.095127	0.191901	7794.976074
6579.397178	1.113889	0.238947	617.094543
6579.398195	1.533655	0.238947	2176.821533
6579.399071	1.512590	0.238947	3501.850586
6579.399945	1.473215	0.238947	4789.440430
6579.401028	1.427856	0.238947	6335.809082
6579.401961	0.621174	0.238947	6915.364746
6579.402838	0.099031	0.238947	7002.214844
6579.403805	0.094937	0.238947	7094.018555
6579.404813	0.094966	0.238947	7189.744141
6579.405702	0.094966	0.238947	7274.168945
6579.406561	0.095054	0.238947	7355.820312
6579.407628	0.095032	0.238947	7457.219238
6579.408552	0.095013	0.238947	7545.011719
6579.409421	0.095057	0.238947	7627.616699
6579.410369	0.095068	0.238947	7717.741699
6579.411402	0.094988	0.238947	7815.864258
6580.467652	1.035132	0.186495	445.106689
6580.468609	1.527059	0.186495	1906.502441
6580.469528	1.517659	0.186495	3301.230957
6580.470461	1.477504	0.186495	4679.741699
6580.471345	1.438502	0.186495	5951.377930
6580.472330	0.931622	0.186495	6869.025879
6580.473283	0.109563	0.186495	6973.439453
6580.474182	0.094907	0.186495	7058.761230
6580.475091	0.094955	0.186495	7145.075195
6580.476048	0.095021	0.186495	7236.010254
6580.476943	0.095013	0.186495	7321.047363
6580.477829	0.095006	0.186495	7405.222656
6580.478772	0.094929	0.186495	7494.740723
6580.479715	0.094999	0.186495	7584.324707
6580.480588	0.094966	0.186495	7667.229980
6580.481505	0.094991	0.186495	7754.336914
6581.408705	1.027694	0.243572	439.853088
6581.409579	1.523152	0.243572	1771.087891
6581.410516	1.520885	0.243572	3196.157227
6581.411497	1.478895	0.243572	4646.953613
6581.412421	1.438323	0.243572	5975.963867
6581.413306	1.057588	0.243572	6911.929199
6581.414322	0.126632	0.243572	7040.587402
6581.415219	0.094878	0.243572	7125.692871
6581.416136	0.094937	0.243572	7212.749512
6581.416996	0.094991	0.243572	7294.442383
6581.418011	0.094951	0.243572	7390.817871
6581.418903	0.094969	0.243572	7475.530762
6581.419781	0.094977	0.243572	7558.920410
6581.420758	0.095079	0.243572	7651.812988
6581.421700	0.094962	0.243572	7741.267578
6581.422615	0.094995	0.243572	7828.187988
6582.483897	1.033469	0.214161	435.090546
6582.484880	1.529509	0.214161	1938.598267
6582.485807	1.517670	0.214161	3345.478027
6582.486688	1.478851	0.214161	4648.346191
6582.487615	1.439996	0.214161	5983.222656
6582.488558	0.978816	0.214161	6906.246094
6582.489481	0.116342	0.214161	7013.629395
6582.490353	0.094863	0.214161	7096.350098
6582.491255	0.094929	0.214161	7181.976074
6582.492205	0.094966	0.214161	7272.193359
6582.493127	0.094929	0.214161	7359.718262
6582.494001	0.094958	0.214161	7442.711914
6582.494971	0.094958	0.214161	7534.821777
6582.495900	0.094969	0.214161	7623.048340
6582.496810	0.095002	0.214161	7709.500488
6582.497670	0.094926	0.214161	7791.136230
6583.481315	1.054336	0.215720	474.451172
6583.482207	1.525719	0.215720	1835.392456
6583.483069	1.521965	0.215720	3147.326660
6583.484164	1.476262	0.215720	4763.833984
6583.485048	1.436620	0.215720	6033.805664
6583.485971	0.946835	0.215720	6907.734375
6583.486848	0.115393	0.215720	7008.934082
6583.487868	0.094907	0.215720	7105.739258
6583.488799	0.094915	0.215720	7194.104492
6583.489680	0.094984	0.215720	7277.785645
6583.490656	0.095116	0.215720	7370.618652
6583.491588	0.094984	0.215720	7459.144043
6583.492500	0.094995	0.215720	7545.779785
6583.493380	0.095032	0.215720	7629.407715
6583.494343	0.094926	0.215720	7720.820801
6583.495266	0.095039	0.215720	7808.541992
6584.467469	1.097043	0.243423	547.424683
6584.468355	1.528729	0.243423	1901.878784
6584.469232	1.519841	0.243423	3234.779785
6584.470145	1.479716	0.243423	4585.760254
6584.471174	1.436089	0.243423	6063.495605
6584.472068	0.954628	0.243423	6916.932617
6584.472935	0.119176	0.243423	7020.258301
6584.473934	0.094882	0.243423	7115.044922
6584.474831	0.094984	0.243423	7200.245605
6584.475732	0.094944	0.243423	7285.790039
6584.476617	0.095039	0.243423	7369.899414
6584.477571	0.095013	0.243423	7460.541992
6584.478493	0.094977	0.243423	7548.110840
6584.479369	0.095028	0.243423	7631.355469
6584.480252	0.095083	0.243423	7715.313965
6584.481265	0.095002	0.243423	7811.551270
6585.537475	1.046913	0.240933	450.172546
6585.538450	1.528718	0.240933	1940.672852
6585.539380	1.517194	0.240933	3351.663086
6585.540256	1.478877	0.240933	4647.159180
6585.541172	1.438751	0.240933	5965.055176
6585.542134	0.953082	0.240933	6881.920410
6585.543062	0.112782	0.240933	6986.582031
6585.543934	0.094860	0.240933	7069.299805
6585.544895	0.094991	0.240933	7160.586426
6585.545820	0.095061	0.240933	7248.518066
6585.546729	0.094984	0.240933	7334.858887
6585.547591	0.095032	0.240933	7416.776367
6585.548566	0.095039	0.240933	7509.439453
6585.549505	0.095032	0.240933	7598.674316
6585.550392	0.095024	0.240933	7682.960937
6585.551324	0.095028	0.240933	7771.527344
6586.476467	1.040270	0.225924	435.873016
6586.477512	1.531414	0.225924	2036.200195
6586.478419	1.515399	0.225924	3410.667236
6586.479301	1.477159	0.225924	4713.521973
6586.480287	1.435111	0.225924	6128.541504
6586.481247	0.817053	0.225924	6912.912598
6586.482172	0.103319	0.225924	7008.482910
6586.483036	0.094885	0.225924	7090.463867
6586.484059	0.094937	0.225924	7187.583984
6586.484949	0.094973	0.225924	7272.109863
6586.485869	0.094948	0.225924	7359.461426
6586.486734	0.095032	0.225924	7441.664062
6586.487708	0.095017	0.225924	7534.210937
6586.488606	0.094980	0.225924	7619.503418
6586.489498	0.094944	0.225924	7704.193359
6586.490480	0.095002	0.225924	7797.485840
6587.551719	1.080245	0.280193	505.554840
6587.552616	1.527836	0.280193	1876.023437
6587.553500	1.520552	0.280193	3220.191406
6587.554412	1.480928	0.280193	4570.797363
6587.555371	1.439810	0.280193	5951.574707
6587.556304	1.026489	0.280193	6909.289062
6587.557169	0.129507	0.280193	7021.312500
6587.558132	0.094805	0.280193	7112.609375
6587.559047	0.094962	0.280193	7199.499512
6587.559947	0.094951	0.280193	7284.955566
6587.560826	0.094929	0.280193	7368.398437
6587.561797	0.094867	0.280193	7460.514160
6587.562752	0.094878	0.280193	7551.122559
6587.563643	0.094944	0.280193	7635.717285
6587.564550	0.094948	0.280193	7721.834473
6587.565506	0.094977	0.280193	7812.632324
6588.542398	1.030587	0.259613	440.060730
6588.543267	1.522537	0.259613	1763.145020
6588.544269	1.518402	0.259613	3284.583984
6588.545201	1.478189	0.259613	4662.255859
6588.546084	1.439791	0.259613	5933.591797
6588.547034	1.017261	0.259613	6899.989746
6588.547966	0.120161	0.259613	7011.979980
6588.548890	0.094746	0.259613	7099.525391
6588.549757	0.094951	0.259613	7181.848145
6588.550669	0.094915	0.259613	7268.410156
6588.551621	0.094937	0.259613	7358.789551
6588.552540	0.094969	0.259613	7446.066406
6588.553415	0.094915	0.259613	7529.116699
6588.554388	0.094918	0.259613	7621.472168
6588.555333	0.094951	0.259613	7711.201172
6588.556223	0.094948	0.259613	7795.704590
6589.540795	1.021930	0.313330	430.232513
6589.541729	1.524456	0.313330	1854.073975
6589.542680	1.517812	0.313330	3297.513672
6589.543603	1.477987	0.313330	4661.695801
6589.544476	1.439271	0.313330	5918.179687
6589.545440	0.988418	0.313330	6871.014648
6589.546393	0.114763	0.313330	6980.383789
6589.547280	0.094874	0.313330	7064.537109
6589.548191	0.094904	0.313330	7150.994141
6589.549113	0.094904	0.313330	7238.495117
6589.550066	0.094907	0.313330	7328.941895
6589.550955	0.094995	0.313330	7413.392578
6589.551877	0.094933	0.313330	7500.920898
6589.552824	0.094962	0.313330	7590.850098
6589.553703	0.094893	0.313330	7674.260742
6589.554586	0.094911	0.313330	7758.066895
6590.602174	1.025911	0.247202	436.012024
6590.603185	1.525206	0.247202	1977.995605
6590.604119	1.515487	0.247202	3393.460449
6590.605046	1.475559	0.247202	4761.303711
6590.605909	1.437122	0.247202	6001.539551
6590.606943	0.818097	0.247202	6847.451660
6590.607837	0.105066	0.247202	6941.380371
6590.608710	0.094838	0.247202	7024.173828
6590.609650	0.094922	0.247202	7113.400391
6590.610613	0.094937	0.247202	7204.824219
6590.611527	0.094907	0.247202	7291.569336
6590.612398	0.094948	0.247202	7374.268555
6590.613456	0.094951	0.247202	7474.727051
6590.614348	0.094929	0.247202	7559.403809
6590.615221	0.094940	0.247202	7642.286621
6590.616086	0.094904	0.247202	7724.378418
6591.546390	1.105778	0.272000	553.994568
6591.547324	1.530927	0.272000	1983.879883
6591.548202	1.517472	0.272000	3316.220215
6591.549169	1.475984	0.272000	4743.496582
6591.550200	1.431292	0.272000	6219.158203
6591.551096	0.801584	0.272000	6937.377930
6591.551971	0.104894	0.272000	7029.160156
6591.552912	0.094929	0.272000	7118.488770
6591.553880	0.094918	0.272000	7210.369629
6591.554795	0.094955	0.272000	7297.253418
6591.555658	0.095021	0.272000	7379.256348
6591.556705	0.094999	0.272000	7478.720215
6591.557583	0.094937	0.272000	7562.074707
6591.558445	0.094973	0.272000	7643.941406
6591.559305	0.094958	0.272000	7725.605469
6591.560354	0.094966	0.272000	7825.224609
6592.623541	1.028225	0.282896	430.826294
6592.624530	1.528121	0.282896	1942.138306
6592.625465	1.516641	0.282896	3360.197266
6592.626350	1.477800	0.282896	4668.050781
6592.627260	1.439385	0.282896	5977.891113
6592.628225	0.966112	0.282896	6910.189453
6592.629145	0.113452	0.282896	7014.565430
6592.630021	0.094830	0.282896	7097.636719
6592.630929	0.094977	0.282896	7183.875488
6592.631882	0.094856	0.282896	7274.273437
6592.632805	0.094940	0.282896	7361.903320
6592.633678	0.094940	0.282896	7444.786133
6592.634643	0.094948	0.282896	7536.410645
6592.635571	0.094856	0.282896	7624.437012
6592.636482	0.094878	0.282896	7710.870605
6592.637346	0.094896	0.282896	7792.860840
6593.588181	1.047363	0.285930	461.887207
6593.589062	1.524829	0.285930	1805.261719
6593.589980	1.520947	0.285930	3201.491211
6593.590947	1.479335	0.285930	4632.007812
6593.591866	1.438557	0.285930	5954.041992
6593.592750	1.077993	0.285930	6906.987793
6593.593681	0.131869	0.285930	7029.757812
6593.594630	0.094746	0.285930	7119.671875
6593.595550	0.094966	0.285930	7207.040527
6593.596405	0.095010	0.285930	7288.273926
6593.597354	0.094991	0.285930	7378.420898
6593.598302	0.094977	0.285930	7468.458984
6593.599189	0.095087	0.285930	7552.800781
6593.600061	0.094904	0.285930	7635.556641
6593.601016	0.094991	0.285930	7726.273437
6593.601961	0.094969	0.285930	7816.019531
6594.637820	1.069512	0.335377	515.504700
6594.638709	1.527268	0.335377	1873.246094
6594.639578	1.520497	0.335377	3194.557861
6594.640496	1.481407	0.335377	4554.489746
6594.641443	1.440022	0.335377	5918.190430
6594.642376	1.026281	0.335377	6875.709961
6594.643269	0.124753	0.335377	6987.114746
6594.644176	0.094819	0.335377	7073.115723
6594.645126	0.094929	0.335377	7163.298340
6594.646045	0.095010	0.335377	7250.612305
6594.646906	0.094878	0.335377	7332.302246
6594.647878	0.095017	0.335377	7424.658691
6594.648797	0.094882	0.335377	7511.854980
6594.649683	0.094915	0.335377	7595.949219
6594.650552	0.094955	0.335377	7678.464844
6594.651521	0.094948	0.335377	7770.468750
6595.641290	1.029987	0.341968	447.014191
6595.642169	1.523668	0.341968	1786.318481
6595.643037	1.522423	0.341968	3107.781738
6595.643995	1.481591	0.341968	4527.145508
6595.644931	1.440392	0.341968	5875.352539
6595.645867	1.077037	0.341968	6883.459473
6595.646729	0.138871	0.341968	7003.166016
6595.647709	0.094830	0.341968	7096.099609
6595.648634	0.094955	0.341968	7183.932617
6595.649522	0.094984	0.341968	7268.278320
6595.650432	0.094951	0.341968	7354.684082
6595.651391	0.094926	0.341968	7445.717773
6595.652275	0.094948	0.341968	7529.651367
6595.653145	0.094900	0.341968	7612.214355
6595.654095	0.094984	0.341968	7702.449219
6595.655043	0.094977	0.341968	7792.487305
6596.640697	1.036150	0.348344	436.219086
6596.641682	1.527169	0.348344	1940.480835
6596.642609	1.516904	0.348344	3346.650879
6596.643479	1.478800	0.348344	4633.207031
6596.644387	1.439275	0.348344	5940.068359
6596.645349	0.982756	0.348344	6885.479980
6596.646277	0.115170	0.348344	6992.357422
6596.647155	0.094911	0.348344	7075.688965
6596.648116	0.094951	0.348344	7166.937012
6596.649028	0.094991	0.348344	7253.569336
6596.649952	0.094969	0.348344	7341.321289
6596.650814	0.095028	0.348344	7423.235352
6596.651913	0.095013	0.348344	7527.655273
6596.652948	0.095002	0.348344	7625.982910
6596.653831	0.094977	0.348344	7709.847656
6596.654735	0.094973	0.348344	7795.703613
6597.690833	1.038475	0.308287	456.929169
6597.691707	1.524009	0.308287	1788.912842
6597.692754	1.516710	0.308287	3376.908203
6597.693628	1.477101	0.308287	4667.894531
6597.694505	1.439183	0.308287	5930.058594
6597.695386	1.012863	0.308287	6822.390625
6597.696430	0.109874	0.308287	6937.099609
6597.697323	0.094878	0.308287	7021.825684
6597.698202	0.095013	0.308287	7105.342285
6597.699178	0.095021	0.308287	7198.082520
6597.700121	0.094977	0.308287	7287.645508
6597.701045	0.094937	0.308287	7375.366699
6597.701909	0.094991	0.308287	7457.439453
6597.702950	0.094926	0.308287	7556.256836
6597.703826	0.094962	0.308287	7639.443848
6597.704691	0.094962	0.308287	7721.585937
6598.648766	1.030173	0.304621	440.914185
6598.649687	1.522701	0.304621	1843.322144
6598.650655	1.518135	0.304621	3312.876465
6598.651582	1.477789	0.304621	4682.787109
6598.652448	1.439843	0.304621	5929.690918
6598.653411	0.986532	0.304621	6879.721191
6598.654342	0.117217	0.304621	6988.850098
6598.655274	0.094915	0.304621	7077.310547
6598.656134	0.095021	0.304621	7159.028320
6598.657077	0.094937	0.304621	7248.553711
6598.658028	0.094984	0.304621	7338.883789
6598.658925	0.095017	0.304621	7424.114258
6598.659829	0.095002	0.304621	7509.996582
6598.660760	0.094944	0.304621	7598.389160
6598.661692	0.094984	0.304621	7686.914551
6598.662575	0.094929	0.304621	7770.736816
6599.720382	1.028767	0.356055	437.226013
6599.721365	1.524031	0.356055	1935.348145
6599.722416	1.511657	0.356055	3524.099121
6599.723335	1.470839	0.356055	4875.799805
6599.724216	1.432976	0.356055	6138.251953
6599.725209	0.755083	0.356055	6888.049316
6599.726213	0.097950	0.356055	6986.391602
6599.727099	0.094878	0.356055	7070.453613
6599.727959	0.094933	0.356055	7152.095703
6599.729038	0.094951	0.356055	7254.547852
6599.729945	0.094896	0.356055	7340.618652
6599.730817	0.094889	0.356055	7423.361816
6599.731802	0.094980	0.356055	7516.917480
6599.732803	0.094896	0.356055	7611.908691
6599.733685	0.094977	0.356055	7695.678223
6599.734541	0.094915	0.356055	7776.925293
6600.670215	1.096838	0.318869	535.257141
6600.671099	1.527140	0.318869	1885.248779
6600.671970	1.519904	0.318869	3209.084717
6600.672879	1.480331	0.318869	4554.705566
6600.673842	1.439106	0.318869	5940.564941
6600.674779	1.017334	0.318869	6893.806641
6600.675654	0.125665	0.318869	7003.763672
6600.676622	0.094808	0.318869	7095.538086
6600.677570	0.094911	0.318869	7185.513672
6600.678457	0.094838	0.318869	7269.634766
6600.679341	0.094863	0.318869	7353.494141
6600.680282	0.094878	0.318869	7442.774414
6600.681233	0.094907	0.318869	7533.031250
6600.682104	0.094830	0.318869	7615.628418
6600.683010	0.094907	0.318869	7701.614258
6600.683960	0.094852	0.318869	7791.724121
6601.752507	1.024867	0.350065	432.493835
6601.753424	1.525594	0.350065	1831.463867
6601.754383	1.517347	0.350065	3286.600098
6601.755306	1.477690	0.350065	4650.508301
6601.756173	1.439495	0.350065	5898.550293
6601.757146	1.004692	0.350065	6876.116211
6601.758096	0.116488	0.350065	6986.779785
6601.758979	0.094882	0.350065	7070.560059
6601.759886	0.095061	0.350065	7156.780273
6601.760826	0.094937	0.350065	7246.020508
6601.761749	0.094951	0.350065	7333.660645
6601.762616	0.094966	0.350065	7415.996094
6601.763527	0.094918	0.350065	7502.466797
6601.764485	0.094984	0.350065	7593.461426
6601.765376	0.094988	0.350065	7678.095703
6601.766282	0.094984	0.350065	7764.151367
6602.698169	1.019125	0.331446	430.070648
6602.699156	1.525869	0.331446	1936.103516
6602.700045	1.517827	0.331446	3285.451904
6602.700952	1.478478	0.331446	4626.431152
6602.701832	1.440018	0.331446	5893.647461
6602.702805	1.011676	0.331446	6878.008301
6602.703733	0.118286	0.331446	6987.777832
6602.704617	0.094838	0.331446	7071.614258
6602.705533	0.094907	0.331446	7158.549316
6602.706481	0.094871	0.331446	7248.486816
6602.707402	0.094900	0.331446	7335.889648
6602.708264	0.094958	0.331446	7417.743652
6602.709289	0.095002	0.331446	7515.121094
6602.710173	0.094944	0.331446	7599.051270
6602.711071	0.094958	0.331446	7684.324219
6602.711948	0.094926	0.331446	7767.573730
6603.777477	1.034341	0.380547	447.869598
6603.778337	1.522368	0.380547	1757.106323
6603.779325	1.518380	0.380547	3257.265869
6603.780255	1.478112	0.380547	4631.909668
6603.781144	1.439583	0.380547	5911.698730
6603.782034	1.042991	0.380547	6839.960449
6603.783020	0.120216	0.380547	6958.493652
6603.783948	0.094882	0.380547	7046.543945
6603.784814	0.095017	0.380547	7128.828613
6603.785830	0.094973	0.380547	7225.321289
6603.786716	0.094951	0.380547	7309.448242
6603.787629	0.094940	0.380547	7396.128418
6603.788488	0.094907	0.380547	7477.653809
6603.789455	0.094988	0.380547	7569.506836
6603.790378	0.094944	0.380547	7657.140137
6603.791261	0.094933	0.380547	7740.965820
6604.725716	1.061906	0.342068	475.733673
6604.726599	1.524950	0.342068	1822.264404
6604.727592	1.517025	0.342068	3328.670410
6604.728653	1.471483	0.342068	4889.914062
6604.729563	1.431555	0.342068	6192.629395
6604.730451	0.848789	0.342068	6946.354004
6604.731458	0.104832	0.342068	7051.919434
6604.732458	0.094911	0.342068	7146.830078
6604.733357	0.094995	0.342068	7232.230469
6604.734220	0.095013	0.342068	7314.227051
6604.735302	0.094955	0.342068	7416.968262
6604.736193	0.094966	0.342068	7501.583008
6604.737061	0.094980	0.342068	7584.025879
6604.738062	0.095057	0.342068	7679.178223
6604.739058	0.094951	0.342068	7773.749512
6604.739934	0.095002	0.342068	7856.971680
6605.804605	1.134232	0.378976	631.767334
6605.805612	1.533556	0.378976	2176.058105
6605.806497	1.511763	0.378976	3513.968262
6605.807360	1.472347	0.378976	4784.604004
6605.808456	1.427461	0.378976	6349.101074
6605.809369	0.653097	0.378976	6945.378418
6605.810234	0.099628	0.378976	7031.556152
6605.811204	0.094969	0.378976	7123.676758
6605.812200	0.094926	0.378976	7218.222656
6605.813094	0.095050	0.378976	7303.197266
6605.813955	0.094995	0.378976	7384.988281
6605.815027	0.095010	0.378976	7486.838867
6605.815965	0.094915	0.378976	7575.868652
6605.816842	0.094951	0.378976	7659.140625
6605.817809	0.095035	0.378976	7751.040039
6605.818811	0.094911	0.378976	7846.140625
6606.755267	1.036414	0.359741	448.767059
6606.756131	1.521870	0.359741	1763.662842
6606.757101	1.519647	0.359741	3237.720703
6606.758048	1.479228	0.359741	4638.549805
6606.758945	1.439806	0.359741	5930.055664
6606.759811	1.054944	0.359741	6843.637207
6606.760779	0.127148	0.359741	6966.716797
6606.761706	0.094896	0.359741	7054.685547
6606.762589	0.094966	0.359741	7138.540527
6606.763558	0.094958	0.359741	7230.555176
6606.764503	0.094977	0.359741	7320.308105
6606.765395	0.094988	0.359741	7405.037109
6606.766311	0.094991	0.359741	7492.049316
6606.767242	0.094973	0.359741	7580.469238
6606.768170	0.094973	0.359741	7668.604492
6606.769046	0.094948	0.359741	7751.778320
6607.829434	1.032008	0.419275	437.571411
6607.830416	1.526155	0.419275	1936.255493
6607.831331	1.516685	0.419275	3324.021973
6607.832221	1.478049	0.419275	4639.485840
6607.833138	1.438949	0.419275	5959.001953
6607.834096	0.978296	0.419275	6896.209473
6607.835034	0.111522	0.419275	7000.817383
6607.835914	0.094834	0.419275	7084.271484
6607.836895	0.094878	0.419275	7177.346680
6607.837855	0.094962	0.419275	7268.510254
6607.838772	0.095017	0.419275	7355.641113
6607.839636	0.094900	0.419275	7437.634766
6607.840719	0.095002	0.419275	7540.522461
6607.841766	0.094922	0.419275	7639.905762
6607.842644	0.094900	0.419275	7723.228027
6607.843519	0.094969	0.419275	7806.326172
6608.784830	1.022249	0.362754	431.388855
6608.785768	1.523002	0.362754	1859.964600
6608.786688	1.518171	0.362754	3256.682373
6608.787615	1.478317	0.362754	4627.082031
6608.788498	1.439791	0.362754	5898.417969
6608.789457	1.027635	0.362754	6883.920410
6608.790387	0.118777	0.362754	6994.382812
6608.791297	0.094812	0.362754	7080.661621
6608.792162	0.094915	0.362754	7162.762695
6608.793137	0.094878	0.362754	7255.268555
6608.794079	0.094896	0.362754	7344.660645
6608.794969	0.094918	0.362754	7429.137695
6608.795899	0.094893	0.362754	7517.387695
6608.796843	0.094871	0.362754	7606.945312
6608.797721	0.094893	0.362754	7690.261230
6608.798589	0.094918	0.362754	7772.650391
6609.851853	1.039171	0.427231	461.391968
6609.852808	1.528630	0.427231	1921.234009
6609.853742	1.516102	0.427231	3337.273437
6609.854623	1.477742	0.427231	4639.164062
6609.855534	1.438433	0.427231	5949.576172
6609.856493	0.975216	0.427231	6884.808594
6609.857421	0.114624	0.427231	6991.179687
6609.858282	0.094885	0.427231	7072.875977
6609.859246	0.094958	0.427231	7164.416016
6609.860184	0.094933	0.427231	7253.462891
6609.861069	0.094940	0.427231	7337.484863
6609.861947	0.094933	0.427231	7420.835937
6609.862907	0.094933	0.427231	7511.971680
6609.863855	0.094988	0.427231	7602.020020
6609.864741	0.094962	0.427231	7686.156250
6609.865649	0.095002	0.427231	7772.418457
6610.824734	1.070848	0.418119	561.124512
6610.825653	1.529319	0.418119	1966.568481
6610.826559	1.515450	0.418119	3339.566650
6610.827439	1.477170	0.418119	4639.476562
6610.828434	1.433980	0.418119	6066.286133
6610.829366	0.871241	0.418119	6878.283203
6610.830289	0.106234	0.418119	6976.337402
6610.831150	0.094797	0.418119	7057.958008
6610.832115	0.094937	0.418119	7149.571777
6610.833041	0.094893	0.418119	7237.442383
6610.833901	0.094915	0.418119	7319.068848
6610.834915	0.094896	0.418119	7415.293457
6610.835803	0.094929	0.418119	7499.590820
6610.836723	0.094885	0.418119	7586.885254
6610.837582	0.094915	0.418119	7668.416992
6610.838539	0.094882	0.418119	7759.218750
6611.871279	1.136063	0.432512	602.113525
6611.872180	1.530604	0.432512	1981.187988
6611.873106	1.515293	0.432512	3384.349365
6611.873973	1.475614	0.432512	4663.706543
6611.875014	1.432537	0.432512	6154.977051
6611.875911	0.868213	0.432512	6933.764160
6611.876774	0.109629	0.432512	7028.374023
6611.877768	0.094860	0.432512	7122.664551
6611.878690	0.094929	0.432512	7210.189453
6611.879603	0.094973	0.432512	7296.899902
6611.880482	0.094860	0.432512	7380.281738
6611.881525	0.094904	0.432512	7479.266113
6611.882412	0.094845	0.432512	7563.393555
6611.883324	0.094915	0.432512	7649.955566
6611.884193	0.094874	0.432512	7732.401367
6611.885189	0.094863	0.432512	7826.885254
6612.869065	1.039255	0.427537	449.997528
6612.869932	1.522412	0.427537	1769.928833
6612.871007	1.514454	0.427537	3397.967285
6612.871932	1.473919	0.427537	4761.341797
6612.872807	1.436257	0.427537	6018.066895
6612.873784	0.879360	0.427537	6877.202148
6612.874804	0.102166	0.427537	6981.411133
6612.875677	0.094808	0.427537	7064.178711
6612.876544	0.094915	0.427537	7146.469727
6612.877588	0.094915	0.427537	7245.560547
6612.878534	0.094852	0.427537	7335.291016
6612.879408	0.094940	0.427537	7418.268555
6612.880357	0.094955	0.427537	7508.380859
6612.881392	0.094896	0.427537	7606.598633
6612.882276	0.094933	0.427537	7690.519043
6612.883137	0.094867	0.427537	7772.199707
6613.877780	1.101497	0.495338	560.661743
6613.878670	1.528330	0.495338	1920.875488
6613.879542	1.516322	0.495338	3243.108398
6613.880650	1.469810	0.495338	4871.657227
6613.881623	1.428717	0.495338	6261.798828
6613.882496	0.782336	0.495338	6944.778320
6613.883510	0.100009	0.495338	7046.187012
6613.884554	0.094860	0.495338	7145.220703
6613.885443	0.094977	0.495338	7229.655273
6613.886370	0.095054	0.495338	7317.770020
6613.887435	0.094969	0.495338	7418.912598
6613.888377	0.094933	0.495338	7508.339355
6613.889247	0.094969	0.495338	7590.962891
6613.890296	0.095087	0.495338	7690.708984
6613.891327	0.094977	0.495338	7788.629883
6613.892218	0.094958	0.495338	7873.237793
6614.918582	1.020505	0.439735	429.632721
6614.919449	1.521625	0.439735	1748.881348
6614.920558	1.513451	0.439735	3427.298340
6614.921533	1.471230	0.439735	4861.748047
6614.922407	1.433390	0.439735	6114.530762
6614.923460	0.692911	0.439735	6844.166504
6614.924495	0.096881	0.439735	6944.438477
6614.925387	0.094969	0.439735	7029.151367
6614.926320	0.094948	0.439735	7117.737305
6614.927357	0.095024	0.439735	7216.277832
6614.928293	0.094951	0.439735	7305.152344
6614.929155	0.094951	0.439735	7387.000488
6614.930203	0.094966	0.439735	7486.524902
6614.931217	0.094823	0.439735	7582.675293
6614.932105	0.094937	0.439735	7666.979004
6614.933076	0.095010	0.439735	7759.233398
6615.886273	1.049659	0.482217	449.254272
6615.887205	1.526466	0.482217	1871.920654
6615.888087	1.519508	0.482217	3212.126709
6615.888999	1.479851	0.482217	4561.750977
6615.889967	1.438180	0.482217	5953.909180
6615.890894	1.029954	0.482217	6908.676270
6615.891761	0.129521	0.482217	7020.971191
6615.892726	0.094874	0.482217	7112.524902
6615.893649	0.094900	0.482217	7200.117676
6615.894509	0.094955	0.482217	7281.778809
6615.895439	0.094911	0.482217	7370.045898
6615.896374	0.094871	0.482217	7458.750000
6615.897293	0.094948	0.482217	7546.006836
6615.898153	0.094955	0.482217	7627.667969
6615.899129	0.094958	0.482217	7720.347656
6615.900070	0.094948	0.482217	7809.693359
6616.954355	1.086141	0.469460	517.003296
6616.955238	1.526997	0.469460	1865.341675
6616.956105	1.519556	0.469460	3182.796387
6616.957180	1.473750	0.469460	4767.077637
6616.958112	1.433588	0.469460	6103.181641
6616.958991	0.945355	0.469460	6934.148926
6616.959955	0.116451	0.469460	7046.408203
6616.960976	0.094944	0.469460	7143.345703
6616.961853	0.094911	0.469460	7226.582520
6616.962713	0.094958	0.469460	7308.247070
6616.963747	0.094878	0.469460	7406.351074
6616.964706	0.094915	0.469460	7497.374023
6616.965584	0.094922	0.469460	7580.715332
6616.966495	0.094940	0.469460	7667.206055
6616.967572	0.094933	0.469460	7769.448730
6616.968471	0.094904	0.469460	7854.767090
6617.913423	1.145911	0.487104	658.898621
6617.914437	1.533318	0.487104	2213.683105
6617.915326	1.510210	0.487104	3556.259766
6617.916189	1.470447	0.487104	4825.255371
6617.917282	1.425846	0.487104	6383.705078
6617.918190	0.607932	0.487104	6935.707520
6617.919072	0.098547	0.487104	7022.626465
6617.920054	0.094937	0.487104	7115.854004
6617.921040	0.094937	0.487104	7209.461426
6617.921927	0.094929	0.487104	7293.663574
6617.922791	0.094889	0.487104	7375.647461
6617.923879	0.094958	0.487104	7478.962402
6617.924796	0.094951	0.487104	7566.032715
6617.925670	0.094951	0.487104	7649.020020
6617.926659	0.095024	0.487104	7742.999023
6617.927670	0.094900	0.487104	7838.942871
6618.973626	1.023245	0.508587	429.762726
6618.974545	1.522185	0.508587	1828.650757
6618.975491	1.517922	0.508587	3264.605225
6618.976414	1.477947	0.508587	4628.750000
6618.977292	1.439777	0.508587	5892.874023
6618.978245	1.029485	0.508587	6873.973145
6618.979174	0.120410	0.508587	6985.833984
6618.980093	0.094834	0.508587	7072.986328
6618.980954	0.094893	0.508587	7154.688965
6618.981925	0.094915	0.508587	7246.851074
6618.982879	0.094937	0.508587	7337.420410
6618.983749	0.094940	0.508587	7420.018555
6618.984632	0.094882	0.508587	7503.798828
6618.985596	0.094937	0.508587	7595.317871
6618.986546	0.094907	0.508587	7685.479492
6618.987441	0.094973	0.508587	7770.480469
6619.961271	1.021135	0.538590	428.876831
6619.962249	1.522657	0.538590	1918.035767
6619.963304	1.510620	0.538590	3511.739990
6619.964278	1.467689	0.538590	4941.269531
6619.965164	1.430281	0.538590	6208.498047
6619.966172	0.666321	0.538590	6880.149414
6619.967224	0.096716	0.538590	6981.895020
6619.968111	0.094882	0.538590	7066.055176
6619.968975	0.094988	0.538590	7148.124512
6619.970055	0.094878	0.538590	7250.592773
6619.971017	0.094889	0.538590	7341.875977
6619.971880	0.094885	0.538590	7423.761719
6619.972907	0.094951	0.538590	7521.276367
6619.973947	0.094958	0.538590	7620.033203
6619.974827	0.094904	0.538590	7703.548340
6619.975739	0.094937	0.538590	7790.130371
6620.974040	1.063802	0.546542	482.966339
6620.974921	1.524741	0.546542	1826.263306
6620.975796	1.520874	0.546542	3157.028076
6620.976798	1.478976	0.546542	4638.961914
6620.977749	1.436667	0.546542	6005.232422
6620.978680	0.973077	0.546542	6911.167480
6620.979540	0.121348	0.546542	7015.526367
6620.980577	0.094951	0.546542	7113.990723
6620.981448	0.094867	0.546542	7196.619629
6620.982322	0.094984	0.546542	7279.635742
6620.983258	0.094969	0.546542	7368.527344
6620.984231	0.094922	0.546542	7460.886230
6620.985132	0.094980	0.546542	7546.463867
6620.986009	0.094951	0.546542	7629.735840
6620.987045	0.094988	0.546542	7728.143066
6620.987939	0.094984	0.546542	7813.059082
6622.018016	1.042848	0.517719	478.667175
6622.018907	1.525558	0.517719	1837.939209
6622.019856	1.517505	0.517719	3278.051270
6622.020866	1.474237	0.517719	4767.030762
6622.021797	1.434009	0.517719	6102.092773
6622.022661	0.951621	0.517719	6924.293457
6622.023724	0.103206	0.517719	7034.000977
6622.024616	0.094827	0.517719	7118.586426
6622.025494	0.094926	0.517719	7201.931152
6622.026411	0.094962	0.517719	7289.011230
6622.027405	0.094860	0.517719	7383.301758
6622.028324	0.094863	0.517719	7470.480957
6622.029196	0.094907	0.517719	7553.240234
6622.030207	0.094878	0.517719	7649.161621
6622.031115	0.094904	0.517719	7735.333984
6622.032027	0.094900	0.517719	7821.882812
6622.981623	1.101984	0.507125	523.442261
6622.982502	1.526063	0.507125	1864.851807
6622.983515	1.515520	0.507125	3400.073730
6622.984425	1.474618	0.507125	4741.976074
6622.985347	1.435415	0.507125	6065.428711
6622.986216	0.934482	0.507125	6877.494141
6622.987246	0.104231	0.507125	6984.852051
6622.988137	0.094867	0.507125	7069.378418
6622.989012	0.094940	0.507125	7152.451172
6622.990000	0.095050	0.507125	7246.360840
6622.990940	0.094940	0.507125	7335.604492
6622.991867	0.094984	0.507125	7423.654785
6622.992733	0.094955	0.507125	7505.885742
6622.993777	0.094922	0.507125	7604.984375
6622.994665	0.094922	0.507125	7689.274902
6622.995540	0.094958	0.507125	7772.363770
6624.050636	1.035967	0.561064	455.825378
6624.051500	1.523013	0.561064	1771.708252
6624.052523	1.515458	0.561064	3322.021484
6624.053564	1.470612	0.561064	4852.928223
6624.054457	1.432097	0.561064	6131.791016
6624.055405	0.810714	0.561064	6900.348145
6624.056469	0.098588	0.561064	7005.245605
6624.057398	0.094896	0.561064	7093.404297
6624.058264	0.094907	0.561064	7175.593750
6624.059299	0.094860	0.561064	7273.773437
6624.060314	0.094904	0.561064	7370.100586
6624.061206	0.094900	0.561064	7454.751465
6624.062156	0.095002	0.561064	7545.003906
6624.063208	0.094907	0.561064	7644.846191
6624.064142	0.094889	0.561064	7733.472656
6624.065006	0.094973	0.561064	7815.529297
6625.019911	1.092305	0.514215	546.152283
6625.020813	1.528916	0.514215	1925.234619
6625.021677	1.517439	0.514215	3236.301758
6625.022773	1.471025	0.514215	4848.545410
6625.023766	1.428398	0.514215	6266.945312
6625.024665	0.743177	0.514215	6935.062012
6625.025675	0.100953	0.514215	7037.024902
6625.026722	0.094966	0.514215	7136.454102
6625.027598	0.094922	0.514215	7219.605469
6625.028475	0.094958	0.514215	7302.884277
6625.029552	0.094988	0.514215	7405.186035
6625.030505	0.094904	0.514215	7495.628906
6625.031364	0.095021	0.514215	7577.251953
6625.032401	0.094885	0.514215	7675.647949
6625.033428	0.094940	0.514215	7773.151367
6625.034320	0.094878	0.514215	7857.782715
6626.058173	1.040248	0.632313	440.024811
6626.059258	1.530084	0.632313	2100.166016
6626.060260	1.507789	0.632313	3610.970947
6626.061166	1.468374	0.632313	4941.317871
6626.062154	1.426509	0.632313	6350.708496
6626.063213	0.483230	0.632313	6862.449219
6626.064117	0.096013	0.632313	6949.245117
6626.064978	0.094958	0.632313	7031.004395
6626.066086	0.095002	0.632313	7136.267090
6626.067066	0.094915	0.632313	7229.283203
6626.067944	0.094900	0.632313	7312.605469
6626.068820	0.094874	0.632313	7395.715332
6626.069915	0.094951	0.632313	7499.687012
6626.070795	0.094885	0.632313	7583.186035
6626.071652	0.094926	0.632313	7664.537109
6626.072712	0.095043	0.632313	7765.282227
6627.068942	1.100427	0.592102	553.514893
6627.069965	1.532117	0.592102	2120.870117
6627.070864	1.511993	0.592102	3480.152344
6627.071815	1.470560	0.592102	4878.655273
6627.072860	1.425608	0.592102	6368.415527
6627.073794	0.597447	0.592102	6926.431641
6627.074654	0.098599	0.592102	7011.226562
6627.075714	0.094969	0.592102	7111.894043
6627.076722	0.094845	0.592102	7207.497559
6627.077599	0.094841	0.592102	7290.673340
6627.078559	0.094973	0.592102	7381.847656
6627.079604	0.094940	0.592102	7481.060059
6627.080513	0.094871	0.592102	7567.297363
6627.081368	0.094926	0.592102	7648.458496
6627.082419	0.094944	0.592102	7748.244629
6627.083429	0.094878	0.592102	7844.071289
6628.061121	1.029939	0.646924	440.813904
6628.062147	1.527187	0.646924	2007.708252
6628.063192	1.509415	0.646924	3585.047363
6628.064073	1.470055	0.646924	4880.166016
6628.065015	1.429662	0.646924	6226.907227
6628.066079	0.572223	0.646924	6835.752441
6628.067011	0.096599	0.646924	6925.782715
6628.067882	0.094922	0.646924	7008.459473
6628.068937	0.095032	0.646924	7108.717773
6628.069942	0.094893	0.646924	7204.084961
6628.070831	0.095006	0.646924	7288.545410
6628.071783	0.095032	0.646924	7379.015625
6628.072840	0.094918	0.646924	7479.344238
6628.073767	0.094900	0.646924	7567.316406
6628.074628	0.094999	0.646924	7649.110352
6628.075699	0.095032	0.646924	7750.889160
6629.115925	1.106052	0.581286	561.874573
6629.116864	1.531047	0.581286	1999.528076
6629.117737	1.516622	0.581286	3323.539307
6629.118678	1.475632	0.581286	4712.109375
6629.119729	1.430848	0.581286	6215.931152
6629.120619	0.814548	0.581286	6940.879395
6629.121478	0.106227	0.581286	7032.128418
6629.122524	0.094966	0.581286	7131.462891
6629.123472	0.094885	0.581286	7221.414062
6629.124336	0.094922	0.581286	7303.426758
6629.125238	0.094904	0.581286	7389.029785
6629.126313	0.094933	0.581286	7491.082520
6629.127205	0.094889	0.581286	7575.723633
6629.128071	0.094896	0.581286	7657.903809
6629.129108	0.095006	0.581286	7756.425293
6629.130069	0.094841	0.581286	7847.567871
6630.079940	1.040980	0.650992	446.580505
6630.080825	1.522954	0.650992	1794.394775
6630.081694	1.521262	0.650992	3116.371582
6630.082758	1.475947	0.650992	4686.779297
6630.083679	1.435558	0.650992	6008.928223
6630.084604	0.968694	0.650992	6904.969727
6630.085466	0.119758	0.650992	7008.201172
6630.086496	0.094867	0.650992	7105.914062
6630.087377	0.094900	0.650992	7189.520996
6630.088294	0.094860	0.650992	7276.507324
6630.089153	0.094904	0.650992	7358.029297
6630.090131	0.094845	0.650992	7450.787598
6630.091039	0.094907	0.650992	7536.963379
6630.091912	0.094915	0.650992	7619.823730
6630.092927	0.094852	0.650992	7716.098633
6630.093820	0.094874	0.650992	7800.821289
6631.140806	1.038552	0.605005	450.731628
6631.141669	1.522251	0.605005	1764.434082
6631.142732	1.516058	0.605005	3376.003906
6631.143622	1.476105	0.605005	4689.737305
6631.144497	1.438074	0.605005	5948.051758
6631.145369	1.011405	0.605005	6829.997070
6631.146395	0.111420	0.605005	6944.313477
6631.147293	0.094882	0.605005	7029.517090
6631.148165	0.094940	0.605005	7112.304687
6631.149150	0.094958	0.605005	7205.838867
6631.150087	0.094951	0.605005	7294.808105
6631.151000	0.094911	0.605005	7381.461914
6631.151861	0.094955	0.605005	7463.218262
6631.152893	0.094948	0.605005	7561.204102
6631.153774	0.094922	0.605005	7644.830078
6631.154647	0.094980	0.605005	7727.748047
6632.122808	1.030111	0.644748	434.706879
6632.123798	1.527217	0.644748	1946.651489
6632.124729	1.515436	0.644748	3357.521973
6632.125609	1.476775	0.644748	4657.083984
6632.126521	1.438015	0.644748	5968.553711
6632.127483	0.965446	0.644748	6897.312500
6632.128409	0.113199	0.644748	7002.135254
6632.129284	0.094735	0.644748	7085.028320
6632.130189	0.094893	0.644748	7170.906250
6632.131134	0.094874	0.644748	7260.562500
6632.132058	0.094878	0.644748	7348.229492
6632.132934	0.094940	0.644748	7431.396973
6632.133901	0.094955	0.644748	7523.218262
6632.134848	0.094915	0.644748	7613.102539
6632.135743	0.094852	0.644748	7697.995117
6632.136650	0.094922	0.644748	7784.089355
6633.150901	1.041207	0.703280	435.224670
6633.152008	1.530630	0.703280	2129.631836
6633.152986	1.508705	0.703280	3605.145264
6633.153864	1.469769	0.703280	4895.602539
6633.154736	1.430878	0.703280	6143.328125
6633.155843	0.615527	0.703280	6824.716797
6633.156737	0.097529	0.703280	6911.908203
6633.157614	0.094823	0.703280	6995.067871
6633.158626	0.094977	0.703280	7091.184570
6633.159611	0.094856	0.703280	7184.617676
6633.160496	0.094841	0.703280	7268.552246
6633.161353	0.094885	0.703280	7349.869141
6633.162444	0.094860	0.703280	7453.360840
6633.163329	0.094878	0.703280	7537.327637
6633.164206	0.094863	0.703280	7620.522949
6633.165182	0.094944	0.703280	7713.187988
6634.168262	1.033088	0.675956	449.393463
6634.169125	1.522313	0.675956	1763.149780
6634.170097	1.517996	0.675956	3238.641602
6634.171015	1.477998	0.675956	4595.443848
6634.171905	1.439615	0.675956	5876.701660
6634.172834	1.081663	0.675956	6881.566406
6634.173776	0.124783	0.675956	6999.111816
6634.174713	0.094753	0.675956	7087.895996
6634.175601	0.094874	0.675956	7172.144531
6634.176532	0.094830	0.675956	7260.431641
6634.177493	0.094841	0.675956	7351.574219
6634.178369	0.094827	0.675956	7434.642578
6634.179283	0.094838	0.675956	7521.324219
6634.180235	0.094940	0.675956	7611.707031
6634.181160	0.094882	0.675956	7699.472656
6634.182036	0.094900	0.675956	7782.604980
6635.160501	1.022798	0.673418	429.575073
6635.161559	1.528938	0.673418	2047.191528
6635.162574	1.508947	0.673418	3578.772217
6635.163467	1.469839	0.673418	4891.338379
6635.164331	1.431636	0.673418	6128.271484
6635.165414	0.649233	0.673418	6831.391113
6635.166339	0.097874	0.673418	6921.924316
6635.167213	0.094805	0.673418	7004.783691
6635.168191	0.094933	0.673418	7097.627930
6635.169205	0.094915	0.673418	7193.871094
6635.170079	0.094852	0.673418	7276.771973
6635.170940	0.094962	0.673418	7358.534180
6635.171996	0.095024	0.673418	7458.879883
6635.172941	0.094907	0.673418	7548.567383
6635.173823	0.094885	0.673418	7632.256348
6635.174752	0.095013	0.673418	7720.523926
6636.210146	1.074661	0.711755	493.269257
6636.211037	1.526184	0.711755	1853.099365
6636.212031	1.515029	0.711755	3359.038330
6636.212964	1.473625	0.711755	4733.930664
6636.213886	1.434324	0.711755	6056.376953
6636.214765	0.962267	0.711755	6902.209473
6636.215808	0.103323	0.711755	7009.975098
6636.216696	0.094871	0.711755	7094.220215
6636.217615	0.094980	0.711755	7181.507324
6636.218480	0.095006	0.711755	7263.687500
6636.219469	0.094966	0.711755	7357.608887
6636.220400	0.094951	0.711755	7446.008301
6636.221260	0.094966	0.711755	7527.678711
6636.222269	0.094980	0.711755	7623.514160
6636.223164	0.094900	0.711755	7708.449707
6636.224073	0.094948	0.711755	7794.756836
6637.180923	1.097351	0.687239	524.533813
6637.181801	1.526019	0.687239	1864.378662
6637.182719	1.516736	0.687239	3256.742187
6637.183686	1.475409	0.687239	4683.462891
6637.184616	1.435437	0.687239	6018.419434
6637.185502	0.994149	0.687239	6899.235352
6637.186478	0.112826	0.687239	7009.353516
6637.187428	0.094775	0.687239	7099.390137
6637.188319	0.094904	0.687239	7183.949219
6637.189232	0.094860	0.687239	7270.556152
6637.190159	0.094860	0.687239	7358.491211
6637.191098	0.094852	0.687239	7447.557617
6637.191976	0.094948	0.687239	7530.921387
6637.192890	0.094900	0.687239	7617.659668
6637.193841	0.094915	0.687239	7707.923340
6637.194765	0.094907	0.687239	7795.617676
6638.240219	1.051447	0.747962	469.996613
6638.241082	1.523851	0.747962	1785.080200
6638.242115	1.515169	0.747962	3350.249268
6638.243010	1.475387	0.747962	4670.720703
6638.243887	1.437755	0.747962	5931.631836
6638.244822	0.973502	0.747962	6841.856445
6638.245820	0.107941	0.747962	6949.581055
6638.246726	0.094768	0.747962	7035.440918
6638.247604	0.094896	0.747962	7118.759766
6638.248671	0.094885	0.747962	7220.002441
6638.249570	0.094889	0.747962	7305.307617
6638.250445	0.094940	0.747962	7388.380371
6638.251302	0.094948	0.747962	7469.750488
6638.252348	0.094889	0.747962	7569.004395
6638.253236	0.094816	0.747962	7653.200684
6638.254102	0.094882	0.747962	7735.368164
6639.207348	1.032220	0.726946	431.468170
6639.208448	1.530125	0.726946	2114.605225
6639.209375	1.510543	0.726946	3514.878906
6639.210255	1.472325	0.726946	4810.525391
6639.211248	1.430204	0.726946	6230.717773
6639.212258	0.631003	0.726946	6868.031250
6639.213148	0.098763	0.726946	6955.930664
6639.214009	0.094867	0.726946	7037.611328
6639.215092	0.094907	0.726946	7140.395996
6639.215997	0.094882	0.726946	7226.263672
6639.216865	0.094918	0.726946	7308.652832
6639.217859	0.094948	0.726946	7403.030762
6639.218862	0.094823	0.726946	7498.138184
6639.219738	0.094962	0.726946	7581.325195
6639.220602	0.094969	0.726946	7663.378906
6639.221635	0.094937	0.726946	7761.448242
6640.264164	1.062795	0.779862	480.383514
6640.265033	1.524426	0.779862	1805.109985
6640.265946	1.518127	0.779862	3191.160156
6640.266902	1.477072	0.779862	4603.240234
6640.267834	1.437257	0.779862	5942.763672
6640.268725	1.042017	0.779862	6871.200684
6640.269698	0.118964	0.779862	6986.952148
6640.270639	0.094845	0.779862	7076.201172
6640.271529	0.094977	0.779862	7160.730469
6640.272430	0.094973	0.779862	7246.301270
6640.273358	0.094889	0.779862	7334.358398
6640.274317	0.094958	0.779862	7425.423828
6640.275200	0.094944	0.779862	7509.259277
6640.276107	0.094955	0.779862	7595.383301
6640.277043	0.094933	0.779862	7684.240234
6640.277970	0.094926	0.779862	7772.236328
6641.235391	1.025643	0.787278	437.949707
6641.236257	1.521083	0.787278	1755.207397
6641.237285	1.515498	0.787278	3313.139404
6641.238350	1.469667	0.787278	4878.334473
6641.239256	1.430391	0.787278	6174.268555
6641.240126	0.835540	0.787278	6901.187988
6641.241235	0.098708	0.787278	7010.655762
6641.242197	0.094896	0.787278	7101.945801
6641.243065	0.094940	0.787278	7184.354004
6641.244123	0.094988	0.787278	7284.851074
6641.245153	0.094896	0.787278	7382.594238
6641.246040	0.094878	0.787278	7466.750977
6641.246957	0.094937	0.787278	7553.807617
6641.248004	0.094973	0.787278	7653.244629
6641.248941	0.094907	0.787278	7742.172852
6641.249802	0.094977	0.787278	7823.947754
6642.292670	1.028969	0.726310	438.340607
6642.293534	1.521932	0.726310	1753.290161
6642.294579	1.514941	0.726310	3336.403809
6642.295533	1.473512	0.726310	4742.134277
6642.296413	1.435697	0.726310	6005.547852
6642.297357	0.925280	0.726310	6879.011719
6642.298408	0.102535	0.726310	6986.776367
6642.299298	0.094779	0.726310	7071.129883
6642.300173	0.094845	0.726310	7154.119141
6642.301091	0.094940	0.726310	7241.274414
6642.302107	0.094863	0.726310	7337.655273
6642.303032	0.094918	0.726310	7425.454590
6642.303888	0.094860	0.726310	7506.654297
6642.304958	0.094849	0.726310	7608.142578
6642.305837	0.094878	0.726310	7691.540039
6642.306715	0.094878	0.726310	7774.842773
6643.265011	1.086255	0.792958	521.402344
6643.265894	1.525990	0.792958	1868.851562
6643.266759	1.519050	0.792958	3182.830078
6643.267826	1.473413	0.792958	4754.961914
6643.268775	1.432665	0.792958	6114.561035
6643.269659	0.921724	0.792958	6929.364746
6643.270605	0.114199	0.792958	7037.396973
6643.271643	0.094915	0.792958	7135.918457
6643.272520	0.094929	0.792958	7219.171387
6643.273382	0.094926	0.792958	7300.997070
6643.274391	0.095024	0.792958	7396.876465
6643.275356	0.094937	0.792958	7488.490234
6643.276229	0.094929	0.792958	7571.363281
6643.277113	0.094958	0.792958	7655.306641
6643.278212	0.094926	0.792958	7759.629883
6643.279105	0.094929	0.792958	7844.401855
6644.316606	1.030686	0.814300	432.888123
6644.317500	1.521951	0.814300	1793.511963
6644.318508	1.514469	0.814300	3320.096680
6644.319452	1.474475	0.814300	4712.000977
6644.320326	1.436594	0.814300	5967.583984
6644.321385	0.817017	0.814300	6832.804687
6644.322293	0.103008	0.814300	6926.335937
6644.323169	0.094819	0.814300	7009.397461
6644.324027	0.094940	0.814300	7090.855957
6644.325077	0.094856	0.814300	7190.454590
6644.325958	0.094915	0.814300	7274.074219
6644.326827	0.094904	0.814300	7356.545410
6644.327807	0.094929	0.814300	7449.576172
6644.328721	0.094863	0.814300	7536.281250
6644.329631	0.094940	0.814300	7622.676758
6644.330509	0.094944	0.814300	7706.037598
6645.292486	1.033898	0.875527	446.643829
6645.293351	1.521215	0.875527	1762.494385
6645.294455	1.512704	0.875527	3432.519531
6645.295361	1.472314	0.875527	4766.436523
6645.296242	1.434697	0.875527	6030.404785
6645.297231	0.838579	0.875527	6859.759766
6645.298241	0.099994	0.875527	6960.753418
6645.299133	0.094845	0.875527	7045.354980
6645.299995	0.094918	0.875527	7127.174316
6645.301048	0.094980	0.875527	7227.188965
6645.301988	0.094889	0.875527	7316.384766
6645.302869	0.094874	0.875527	7399.968750
6645.303827	0.094933	0.875527	7490.914551
6645.304838	0.094907	0.875527	7586.865723
6645.305717	0.094896	0.875527	7670.279297
6645.306574	0.094940	0.875527	7751.643066
6646.345154	1.033843	0.778766	445.586243
6646.346019	1.522145	0.778766	1762.241455
6646.347086	1.513876	0.778766	3377.546875
6646.348102	1.469806	0.778766	4870.869629
6646.348988	1.431837	0.778766	6139.477539
6646.349973	0.778619	0.778766	6906.417480
6646.351027	0.098514	0.778766	7010.251465
6646.351941	0.094929	0.778766	7097.016602
6646.352798	0.094918	0.778766	7178.361328
6646.353867	0.094951	0.778766	7279.864258
6646.354870	0.094838	0.778766	7374.986328
6646.355749	0.094915	0.778766	7458.416016
6646.356717	0.095021	0.778766	7550.395996
6646.357760	0.095039	0.778766	7649.521973
6646.358661	0.094922	0.778766	7735.046387
6646.359529	0.094933	0.778766	7817.448242
6647.318487	1.049132	0.887757	459.519806
6647.319369	1.522954	0.887757	1802.765259
6647.320242	1.520229	0.887757	3129.925537
6647.321203	1.479576	0.887757	4551.798340
6647.322135	1.438612	0.887757	5892.584961
6647.323060	1.066139	0.887757	6878.763672
6647.323937	0.133524	0.887757	6995.864258
6647.324880	0.094702	0.887757	7085.168457
6647.325833	0.094893	0.887757	7175.601074
6647.326757	0.094856	0.887757	7263.248047
6647.327618	0.094823	0.887757	7344.890625
6647.328580	0.094852	0.887757	7436.138672
6647.329529	0.094885	0.887757	7526.184570
6647.330419	0.094926	0.887757	7610.668457
6647.331309	0.094918	0.887757	7695.145508
6647.332255	0.094838	0.887757	7784.861816
6648.374220	1.057936	0.806425	465.491699
6648.375104	1.524327	0.806425	1812.997070
6648.376024	1.518453	0.806425	3209.974121
6648.376987	1.477225	0.806425	4632.541992
6648.377919	1.437144	0.806425	5971.959961
6648.378789	1.062074	0.806425	6895.964355
6648.379845	0.113533	0.806425	7015.854980
6648.380892	0.094937	0.806425	7115.253418
6648.381793	0.094944	0.806425	7200.797852
6648.382650	0.094918	0.806425	7282.142578
6648.383719	0.094955	0.806425	7383.649414
6648.384690	0.094926	0.806425	7475.822266
6648.385566	0.094966	0.806425	7559.012207
6648.386553	0.094977	0.806425	7652.754395
6648.387600	0.094944	0.806425	7752.160645
6648.388511	0.094911	0.806425	7838.624512
6649.346614	1.135203	0.930018	607.333435
6649.347655	1.531842	0.930018	2201.980957
6649.348548	1.509064	0.930018	3549.574707
6649.349483	1.468498	0.930018	4922.620605
6649.350537	1.423414	0.930018	6422.899414
6649.351487	0.518855	0.930018	6915.811523
6649.352349	0.097251	0.930018	6999.642090
6649.353394	0.095006	0.930018	7098.923340
6649.354410	0.094922	0.930018	7195.363770
6649.355289	0.094922	0.930018	7278.800293
6649.356224	0.094958	0.930018	7367.586426
6649.357306	0.094973	0.930018	7470.347168
6649.358224	0.094980	0.930018	7557.539062
6649.359091	0.094926	0.930018	7639.839355
6649.360124	0.095050	0.930018	7738.025879
6649.361134	0.094889	0.930018	7833.863770
6650.400273	1.109194	0.844819	560.143127
6650.401243	1.531747	0.844819	2045.937500
6650.402123	1.513967	0.844819	3378.228760
6650.403128	1.470297	0.844819	4855.876953
6650.404190	1.425172	0.844819	6369.409668
6650.405090	0.636544	0.844819	6942.299316
6650.405955	0.099034	0.844819	7027.963867
6650.406986	0.094904	0.844819	7125.809570
6650.407962	0.094849	0.844819	7218.381836
6650.408837	0.094874	0.844819	7301.396973
6650.409713	0.094937	0.844819	7384.561523
6650.410786	0.094944	0.844819	7486.436035
6650.411678	0.094937	0.844819	7571.119629
6650.412536	0.094980	0.844819	7652.612793
6650.413607	0.095043	0.844819	7754.403320
6650.414558	0.094929	0.844819	7844.681152
6651.375032	1.021450	0.957382	430.030518
6651.375957	1.520241	0.957382	1836.253052
6651.377031	1.510778	0.957382	3458.828125
6651.377977	1.469846	0.957382	4849.302734
6651.378864	1.431390	0.957382	6118.946289
6651.379833	0.798809	0.957382	6892.991699
6651.380865	0.098423	0.957382	6994.563965
6651.381761	0.094878	0.957382	7079.574707
6651.382622	0.095006	0.957382	7161.375000
6651.383668	0.094962	0.957382	7260.705566
6651.384628	0.094929	0.957382	7351.837402
6651.385506	0.094969	0.957382	7435.220703
6651.386428	0.094948	0.957382	7522.762207
6651.387468	0.094955	0.957382	7621.515137
6651.388352	0.094966	0.957382	7705.464844
6651.389219	0.094969	0.957382	7787.803223
6652.421063	1.036315	0.921389	447.687897
6652.421945	1.523207	0.921389	1791.156250
6652.422814	1.520969	0.921389	3112.878418
6652.423899	1.474592	0.921389	4712.811035
6652.424820	1.434573	0.921389	6034.052734
6652.425707	0.991110	0.921389	6913.166992
6652.426573	0.122985	0.921389	7019.671875
6652.427623	0.094882	0.921389	7119.297363
6652.428499	0.094980	0.921389	7202.500488
6652.429364	0.094958	0.921389	7284.639648
6652.430368	0.095061	0.921389	7380.081055
6652.431273	0.094966	0.921389	7466.024902
6652.432182	0.094977	0.921389	7552.358887
6652.433057	0.095002	0.921389	7635.485840
6652.434074	0.094966	0.921389	7732.065918
6652.434965	0.094929	0.921389	7816.647949
6653.409243	1.054116	0.972102	471.189911
6653.410107	1.522647	0.972102	1786.756592
6653.411092	1.516289	0.972102	3280.301270
6653.412008	1.476698	0.972102	4632.956543
6653.412886	1.438345	0.972102	5895.823242
6653.413827	1.016481	0.972102	6852.331543
6653.414769	0.117876	0.972102	6963.370605
6653.415686	0.094948	0.972102	7050.437500
6653.416545	0.095061	0.972102	7132.094727
6653.417578	0.094973	0.972102	7230.202148
6653.418473	0.094977	0.972102	7315.206543
6653.419399	0.095017	0.972102	7403.192383
6653.420262	0.094900	0.972102	7485.090820
6653.421256	0.094948	0.972102	7579.468750
6653.422185	0.095017	0.972102	7667.739746
6653.423042	0.095006	0.972102	7749.160156
6654.439865	1.023197	0.893014	430.765961
6654.440742	1.521002	0.893014	1764.684937
6654.441710	1.517073	0.893014	3233.211426
6654.442671	1.476068	0.893014	4651.712891
6654.443562	1.437356	0.893014	5932.396973
6654.444481	1.033751	0.893014	6882.414551
6654.445439	0.120703	0.893014	6998.048340
6654.446353	0.094911	0.893014	7084.796875
6654.447217	0.095006	0.893014	7166.882324
6654.448149	0.094944	0.893014	7255.370117
6654.449078	0.094962	0.893014	7343.589844
6654.450003	0.094995	0.893014	7431.460449
6654.450876	0.094988	0.893014	7514.384766
6654.451843	0.094999	0.893014	7606.248535
6654.452768	0.094944	0.893014	7694.071777
6654.453638	0.094988	0.893014	7776.710937
6655.451594	1.035077	0.840798	452.328644
6655.452525	1.526349	0.840798	1873.359497
6655.453392	1.518915	0.840798	3190.258789
6655.454352	1.477621	0.840798	4608.774902
6655.455297	1.436345	0.840798	5966.121094
6655.456237	0.986744	0.840798	6893.660645
6655.457099	0.122384	0.840798	6999.155762
6655.458053	0.094878	0.840798	7089.669434
6655.459010	0.094944	0.840798	7180.530762
6655.459898	0.095032	0.840798	7264.918945
6655.460812	0.094933	0.840798	7351.687500
6655.461730	0.094937	0.840798	7438.839355
6655.462677	0.094922	0.840798	7528.730469
6655.463568	0.094977	0.840798	7613.354980
6655.464490	0.094926	0.840798	7700.876465
6655.465443	0.094944	0.840798	7791.357910
6656.455649	1.069076	0.893199	492.843994
6656.456575	1.527228	0.893199	1907.056885
6656.457458	1.517655	0.893199	3247.146240
6656.458367	1.478163	0.893199	4590.795898
6656.459326	1.437327	0.893199	5969.192383
6656.460255	1.007106	0.893199	6904.793457
6656.461120	0.125607	0.893199	7013.443359
6656.462063	0.094904	0.893199	7102.937500
6656.462979	0.094966	0.893199	7189.926270
6656.463911	0.094918	0.893199	7278.390137
6656.464788	0.094984	0.893199	7361.691406
6656.465885	0.095061	0.893199	7465.973145
6656.466930	0.094995	0.893199	7565.243164
6656.467817	0.094980	0.893199	7649.490723
6656.468702	0.094980	0.893199	7733.548340
6656.469803	0.094937	0.893199	7838.073242
6657.497089	1.118511	0.824218	552.544312
6657.498016	1.529286	0.824218	1970.192383
6657.498942	1.514824	0.824218	3372.919434
6657.499816	1.475695	0.824218	4662.676758
6657.500796	1.434569	0.824218	6068.554199
6657.501751	0.882100	0.824218	6910.959473
6657.502652	0.107098	0.824218	7007.455078
6657.503548	0.094951	0.824218	7092.531250
6657.504476	0.094962	0.824218	7180.656250
6657.505425	0.094980	0.824218	7270.792480
6657.506298	0.094966	0.824218	7353.697754
6657.507205	0.094929	0.824218	7439.798340
6657.508158	0.095028	0.824218	7530.359863
6657.509077	0.094955	0.824218	7617.623535
6657.509953	0.094940	0.824218	7700.791016
6657.510890	0.095039	0.824218	7789.842773
6658.473470	1.092195	0.873589	531.898926
6658.474356	1.526481	0.873589	1884.360840
6658.475227	1.518420	0.873589	3206.905029
6658.476161	1.478075	0.873589	4587.426758
6658.477166	1.435133	0.873589	6029.735352
6658.478102	0.938738	0.873589	6908.394043
6658.478967	0.116312	0.873589	7009.003906
6658.480013	0.094904	0.873589	7108.272949
6658.480888	0.095024	0.873589	7191.419434
6658.481763	0.094980	0.873589	7274.527344
6658.482620	0.094948	0.873589	7355.897461
6658.483681	0.094907	0.873589	7456.594238
6658.484574	0.094860	0.873589	7541.303711
6658.485452	0.094933	0.873589	7624.654785
6658.486443	0.094995	0.873589	7718.794922
6658.487371	0.094900	0.873589	7806.861816
6659.526168	1.117017	0.906561	562.976379
6659.527124	1.530908	0.906561	2026.524658
6659.528001	1.514491	0.906561	3354.733398
6659.528935	1.473633	0.906561	4731.106445
6659.529994	1.428530	0.906561	6243.919922
6659.530895	0.764235	0.906561	6932.495117
6659.531759	0.103088	0.906561	7021.563477
6659.532799	0.095043	0.906561	7120.407715
6659.533763	0.094911	0.906561	7211.901855
6659.534685	0.094958	0.906561	7299.453613
6659.535552	0.094966	0.906561	7381.789062
6659.536590	0.094915	0.906561	7480.310547
6659.537471	0.094955	0.906561	7563.965820
6659.538340	0.095032	0.906561	7646.548340
6659.539216	0.095032	0.906561	7729.795898
6659.540244	0.094962	0.906561	7827.416992
6660.506148	1.118353	0.921192	573.715210
6660.507087	1.530201	0.921192	2010.574341
6660.507961	1.514905	0.921192	3334.601074
6660.508912	1.473567	0.921192	4735.962891
6660.509967	1.428618	0.921192	6243.154785
6660.510851	0.781659	0.921192	6934.141113
6660.511715	0.104048	0.921192	7024.038574
6660.512744	0.094907	0.921192	7121.698242
6660.513694	0.094962	0.921192	7211.912109
6660.514564	0.095021	0.921192	7294.580078
6660.515489	0.095010	0.921192	7382.463867
6660.516547	0.094955	0.921192	7482.926270
6660.517438	0.094973	0.921192	7567.547363
6660.518314	0.095013	0.921192	7650.779297
6660.519225	0.095017	0.921192	7737.339844
6660.520223	0.094929	0.921192	7832.079102
6661.544997	1.114603	0.922654	594.083557
6661.546072	1.531747	0.922654	2240.711426
6661.546998	1.506680	0.922654	3635.896729
6661.547871	1.467697	0.922654	4917.195801
6661.548918	1.423275	0.922654	6407.364746
6661.549944	0.423420	0.922654	6841.793945
6661.550837	0.095735	0.922654	6927.285156
6661.551808	0.095021	0.922654	7019.550293
6661.552856	0.094999	0.922654	7119.108887
6661.553766	0.094958	0.922654	7205.520996
6661.554629	0.094937	0.922654	7287.451172
6661.555715	0.095050	0.922654	7390.675293
6661.556694	0.094977	0.922654	7483.657715
6661.557584	0.095017	0.922654	7568.223145
6661.558555	0.095002	0.922654	7660.470703
6661.559606	0.094962	0.922654	7760.275879
6662.544316	1.032257	0.980855	440.773773
6662.545231	1.521226	0.980855	1832.695190
6662.546305	1.512316	0.980855	3456.922363
6662.547190	1.472802	0.980855	4760.351562
6662.548057	1.435349	0.980855	6004.799316
6662.549107	0.794945	0.980855	6839.491699
6662.550076	0.100309	0.980855	6936.690918
6662.550946	0.094922	0.980855	7019.272949
6662.551812	0.094977	0.980855	7101.522949
6662.552915	0.094944	0.980855	7206.246094
6662.553817	0.094940	0.980855	7291.882324
6662.554693	0.094893	0.980855	7375.008301
6662.555691	0.094944	0.980855	7469.762207
6662.556656	0.094896	0.980855	7561.336914
6662.557580	0.094937	0.980855	7649.058105
6662.558441	0.094984	0.980855	7730.839355
6663.555511	1.022058	0.979703	429.264404
6663.556481	1.526528	0.979703	1909.996826
6663.557386	1.515974	0.979703	3281.953613
6663.558316	1.476039	0.979703	4654.669922
6663.559184	1.437246	0.979703	5902.199219
6663.560193	0.954298	0.979703	6865.085937
6663.561116	0.113566	0.979703	6969.907227
6663.561991	0.094900	0.979703	7052.944824
6663.562942	0.094991	0.979703	7143.281738
6663.563856	0.094977	0.979703	7230.090332
6663.564780	0.094958	0.979703	7317.832031
6663.565673	0.094966	0.979703	7402.636719
6663.566589	0.094922	0.979703	7489.584961
6663.567552	0.095035	0.979703	7581.104004
6663.568444	0.094995	0.979703	7665.839844
6663.569375	0.094988	0.979703	7754.273437
6664.586171	1.041658	0.861347	441.662872
6664.587151	1.527166	0.861347	1938.285034
6664.588075	1.515381	0.861347	3338.497070
6664.588953	1.477039	0.861347	4635.336914
6664.589863	1.437312	0.861347	5943.291016
6664.590821	0.977069	0.861347	6879.323242
6664.591745	0.114353	0.861347	6984.985352
6664.592620	0.094929	0.861347	7068.048340
6664.593590	0.094929	0.861347	7160.129883
6664.594506	0.095006	0.861347	7247.155273
6664.595425	0.094991	0.861347	7334.452637
6664.596287	0.094995	0.861347	7416.338379
6664.597270	0.094955	0.861347	7509.679199
6664.598214	0.094966	0.861347	7599.327148
6664.599098	0.094951	0.861347	7683.264160
6664.600002	0.094929	0.861347	7769.080078
6665.569756	1.065176	1.014641	478.263916
6665.570627	1.523687	1.014641	1805.394897
6665.571632	1.514550	1.014641	3327.517090
6665.572694	1.468967	1.014641	4887.560547
6665.573588	1.430255	1.014641	6166.208496
6665.574526	0.793162	1.014641	6910.194336
6665.575582	0.098276	1.014641	7013.974121
6665.576526	0.095002	1.014641	7103.656250
6665.577396	0.094980	1.014641	7186.289062
6665.578430	0.095065	1.014641	7284.585937
6665.579451	0.094973	1.014641	7381.553711
6665.580337	0.095032	1.014641	7465.751953
6665.581283	0.095087	1.014641	7555.704102
6665.582328	0.095076	1.014641	7655.058105
6665.583268	0.094958	1.014641	7744.319336
6665.584128	0.095006	1.014641	7826.024414
6666.620856	1.022787	0.850849	431.616058
6666.621841	1.524078	0.850849	1932.833252
6666.622843	1.511902	0.850849	3447.758789
6666.623737	1.472662	0.850849	4764.318848
6666.624604	1.434100	0.850849	6007.683594
6666.625700	0.730540	0.850849	6808.354980
6666.626622	0.099445	0.850849	6900.042969
6666.627495	0.094958	0.850849	6982.941895
6666.628475	0.095087	0.850849	7076.126953
6666.629479	0.094973	0.850849	7171.479980
6666.630360	0.094969	0.850849	7255.147949
6666.631222	0.095017	0.850849	7337.052734
6666.632295	0.094962	0.850849	7438.947266
6666.633208	0.094980	0.850849	7525.664551
6666.634074	0.094966	0.850849	7607.904785
6666.635040	0.095032	0.850849	7699.705566
6667.597262	1.037355	1.023721	452.286652
6667.598133	1.522592	1.023721	1778.463867
6667.599183	1.514004	1.023721	3368.167969
6667.600083	1.474585	1.023721	4695.294434
6667.600961	1.436536	1.023721	5956.572754
6667.601896	0.957360	1.023721	6851.704102
6667.602899	0.108094	1.023721	6960.123047
6667.603824	0.094951	1.023721	7047.953125
6667.604680	0.095105	1.023721	7129.362793
6667.605774	0.095032	1.023721	7233.327637
6667.606643	0.095010	1.023721	7315.891113
6667.607515	0.095021	1.023721	7398.749023
6667.608383	0.095057	1.023721	7481.258789
6667.609434	0.094933	1.023721	7581.033203
6667.610321	0.095002	1.023721	7665.300293
6667.611195	0.095002	1.023721	7748.332520
6668.641806	1.076975	0.919899	548.180359
6668.642776	1.531425	0.919899	2033.662109
6668.643694	1.512422	0.919899	3422.065430
6668.644581	1.473241	0.919899	4728.830078
6668.645612	1.429680	0.919899	6202.830078
6668.646525	0.762682	0.919899	6899.158691
6668.647444	0.100928	0.919899	6991.911133
6668.648304	0.094944	0.919899	7073.562988
6668.649349	0.094995	0.919899	7172.833008
6668.650233	0.095002	0.919899	7256.814941
6668.651151	0.095050	0.919899	7344.070801
6668.652013	0.094977	0.919899	7425.940918
6668.652999	0.094958	0.919899	7519.569824
6668.653912	0.094966	0.919899	7606.273437
6668.654785	0.094995	0.919899	7689.204102
6668.655792	0.094995	0.919899	7784.864258
6669.636044	1.036036	1.017183	455.856018
6669.636917	1.522778	1.017183	1785.241455
6669.637961	1.514117	1.017183	3365.979980
6669.638993	1.469213	1.017183	4882.207520
6669.639882	1.430815	1.017183	6154.202637
6669.640829	0.798900	1.017183	6910.761230
6669.641877	0.098881	1.017183	7014.388184
6669.642822	0.094977	1.017183	7104.141113
6669.643681	0.094955	1.017183	7185.707520
6669.644714	0.095032	1.017183	7283.875488
6669.645733	0.094995	1.017183	7380.675293
6669.646615	0.094962	1.017183	7464.432129
6669.647560	0.094966	1.017183	7554.174805
6669.648604	0.094937	1.017183	7653.288574
6669.649528	0.094933	1.017183	7741.006348
6669.650397	0.095006	1.017183	7823.566895
6670.656448	1.030920	1.007495	442.264832
6670.657314	1.521936	1.007495	1760.261475
6670.658359	1.514341	1.007495	3342.747559
6670.659323	1.472366	1.007495	4762.108398
6670.660205	1.434485	1.007495	6027.324219
6670.661140	0.904541	1.007495	6873.070312
6670.662206	0.101448	1.007495	6981.213379
6670.663091	0.094962	1.007495	7065.254883
6670.663955	0.094944	1.007495	7147.286133
6670.664985	0.095032	1.007495	7245.168945
6670.665941	0.095002	1.007495	7335.991211
6670.666808	0.095054	1.007495	7418.402832
6670.667680	0.095017	1.007495	7501.257812
6670.668785	0.095057	1.007495	7606.296387
6670.669671	0.095006	1.007495	7690.471680
6670.670546	0.095039	1.007495	7773.630859
6671.676361	1.037373	0.917820	452.294617
6671.677232	1.522654	0.917820	1778.525879
6671.678096	1.521101	0.917820	3092.757324
6671.679075	1.479049	0.917820	4540.746094
6671.680002	1.438967	0.917820	5874.668945
6671.680929	1.086907	0.917820	6882.231445
6671.681791	0.140259	0.917820	7003.134766
6671.682761	0.094863	0.917820	7095.152344
6671.683689	0.094878	0.917820	7183.199219
6671.684581	0.094926	0.917820	7267.872559
6671.685497	0.094958	0.917820	7354.854492
6671.686423	0.094915	0.917820	7442.745117
6671.687354	0.094926	0.917820	7531.120605
6671.688244	0.094955	0.917820	7615.630371
6671.689161	0.094969	0.917820	7702.717285
6671.690112	0.094977	0.917820	7793.040039
6672.673244	1.074448	1.012304	488.873932
6672.674139	1.525466	1.012304	1854.166260
6672.675004	1.518219	1.012304	3167.425781
6672.676014	1.475911	1.012304	4658.095703
6672.676944	1.435554	1.012304	5993.161133
6672.677833	1.036285	1.012304	6914.418945
6672.678751	0.128621	1.012304	7032.492676
6672.679704	0.094944	1.012304	7122.974121
6672.680625	0.094933	1.012304	7210.407227
6672.681483	0.094991	1.012304	7291.909668
6672.682390	0.094874	1.012304	7377.960449
6672.683359	0.094977	1.012304	7469.993164
6672.684248	0.094966	1.012304	7554.417969
6672.685209	0.094988	1.012304	7645.701172
6672.686136	0.094980	1.012304	7733.748047
6672.687060	0.094900	1.012304	7821.435547
6673.714107	1.025903	0.929196	431.905304
6673.715022	1.521965	0.929196	1824.503540
6673.715965	1.516674	0.929196	3254.726562
6673.716890	1.476511	0.929196	4620.499512
6673.717820	1.437030	0.929196	5956.937500
6673.718689	1.050579	0.929196	6869.890137
6673.719639	0.124666	0.929196	6988.322266
6673.720569	0.094937	0.929196	7076.613281
6673.721447	0.094962	0.929196	7159.990234
6673.722426	0.094977	0.929196	7252.972656
6673.723351	0.094988	0.929196	7340.836426
6673.724261	0.094940	0.929196	7427.231934
6673.725121	0.094937	0.929196	7508.877441
6673.726080	0.095021	0.929196	7600.002441
6673.727026	0.094948	0.929196	7689.822754
6673.727915	0.094918	0.929196	7774.205078
6674.695186	1.092674	1.068878	560.541992
6674.696087	1.528411	1.068878	1937.639893
6674.697001	1.514736	1.068878	3322.108887
6674.697891	1.475596	1.068878	4635.389160
6674.698859	1.434086	1.068878	6023.583984
6674.699818	0.882854	1.068878	6870.241211
6674.700742	0.106930	1.068878	6969.044434
6674.701605	0.094841	1.068878	7050.892578
6674.702574	0.094915	1.068878	7142.864746
6674.703524	0.094918	1.068878	7233.037109
6674.704398	0.094955	1.068878	7316.027832
6674.705282	0.094977	1.068878	7399.987305
6674.706226	0.094944	1.068878	7489.614258
6674.707165	0.094860	1.068878	7578.687500
6674.708056	0.094995	1.068878	7663.328125
6674.708962	0.094904	1.068878	7749.310547
6675.742154	1.037461	0.952733	457.520264
6675.743102	1.527894	0.952733	1905.963989
6675.744030	1.515502	0.952733	3312.349609
6675.744911	1.477145	0.952733	4613.713867
6675.745844	1.436814	0.952733	5954.261230
6675.746802	0.969580	0.952733	6883.119141
6675.747726	0.114382	0.952733	6988.808594
6675.748591	0.094863	0.952733	7070.865234
6675.749548	0.094900	0.952733	7161.684570
6675.750457	0.094867	0.952733	7247.918457
6675.751379	0.094951	0.952733	7335.463379
6675.752250	0.094929	0.952733	7418.146484
6675.753227	0.094944	0.952733	7510.906738
6675.754180	0.094962	0.952733	7601.405762
6675.755077	0.094915	0.952733	7686.543945
6675.755991	0.094933	0.952733	7773.312500
6676.721601	1.031202	1.112891	437.229828
6676.722535	1.524353	1.112891	1860.975586
6676.723507	1.514484	1.112891	3333.053711
6676.724423	1.474867	1.112891	4684.031738
6676.725289	1.436766	1.112891	5928.271484
6676.726234	0.990216	1.112891	6864.025879
6676.727183	0.115353	1.112891	6973.495605
6676.728072	0.094933	1.112891	7057.891113
6676.728987	0.094962	1.112891	7144.781250
6676.729908	0.094926	1.112891	7232.207520
6676.730856	0.094889	1.112891	7322.162109
6676.731745	0.094966	1.112891	7406.586914
6676.732670	0.094933	1.112891	7494.399902
6676.733615	0.094926	1.112891	7584.104492
6676.734531	0.095024	1.112891	7671.146973
6676.735392	0.094969	1.112891	7752.915527
6677.768188	1.089888	0.967973	529.685425
6677.769068	1.527433	0.967973	1873.826294
6677.770012	1.515861	0.967973	3304.798828
6677.771079	1.469187	0.967973	4872.421387
6677.772031	1.428516	0.967973	6232.368164
6677.772904	0.808433	0.967973	6938.129883
6677.773967	0.098932	0.967973	7043.294434
6677.774968	0.094904	0.967973	7138.292969
6677.775850	0.094962	0.967973	7222.049805
6677.776810	0.095061	0.967973	7313.308594
6677.777852	0.095050	0.967973	7412.350586
6677.778771	0.094889	0.967973	7499.553711
6677.779629	0.094980	0.967973	7581.046875
6677.780697	0.095083	0.967973	7682.595703
6677.781703	0.094962	0.967973	7778.127441
6677.782583	0.095002	0.967973	7861.729492
6678.749169	1.064773	1.155157	510.026245
6678.750106	1.528275	1.155157	1942.020020
6678.751032	1.514213	1.155157	3344.180908
6678.751924	1.475120	1.155157	4659.987305
6678.752861	1.434701	1.155157	6004.302246
6678.753947	0.743229	1.155157	6811.448730
6678.754943	0.097969	1.155157	6909.025391
6678.755831	0.094969	1.155157	6993.358398
6678.756792	0.094980	1.155157	7084.634766
6678.757834	0.095046	1.155157	7183.673340
6678.758752	0.095021	1.155157	7270.902344
6678.759610	0.094991	1.155157	7352.404785
6678.760693	0.094948	1.155157	7455.232910
6678.761682	0.094948	1.155157	7549.136230
6678.762558	0.094988	1.155157	7632.345703
6678.763543	0.094951	1.155157	7725.872559
6679.793150	1.066318	0.979457	525.694885
6679.794197	1.531117	0.979457	2128.774414
6679.795140	1.508613	0.979457	3551.396729
6679.796012	1.469733	0.979457	4833.003418
6679.797074	1.424652	0.979457	6345.983887
6679.798106	0.468666	0.979457	6829.646973
6679.798987	0.096156	0.979457	6914.360352
6679.799944	0.095002	0.979457	7005.277832
6679.800993	0.094918	0.979457	7104.847168
6679.801920	0.094922	0.979457	7192.839844
6679.802780	0.094977	0.979457	7274.520020
6679.803844	0.095043	0.979457	7375.645508
6679.804843	0.094915	0.979457	7470.465332
6679.805724	0.095006	0.979457	7554.165527
6679.806717	0.094966	0.979457	7648.466797
6679.807752	0.094999	0.979457	7746.790527
6680.777248	1.114409	1.176789	571.691895
6680.778212	1.530769	1.176789	2047.353271
6680.779071	1.513960	1.176789	3347.844727
6680.780175	1.466521	1.176789	4966.883789
6680.781218	1.422213	1.176789	6450.251953
6680.782095	0.568612	1.176789	6948.924805
6680.783011	0.097903	1.176789	7038.604004
6680.784082	0.094966	1.176789	7140.312500
6680.785026	0.094955	1.176789	7229.949707
6680.785890	0.094896	1.176789	7311.939941
6680.786914	0.094995	1.176789	7409.214844
6680.787941	0.094885	1.176789	7506.662109
6680.788827	0.094922	1.176789	7590.762695
6680.789768	0.094966	1.176789	7680.125488
6680.790817	0.094977	1.176789	7779.756348
6680.791757	0.094900	1.176789	7868.962402
6681.819579	1.030869	0.989097	436.057648
6681.820644	1.529110	0.989097	2064.559814
6681.821591	1.510924	0.989097	3495.404785
6681.822471	1.471959	0.989097	4790.729004
6681.823413	1.431643	0.989097	6139.336914
6681.824473	0.666903	0.989097	6846.253906
6681.825353	0.099280	0.989097	6933.620117
6681.826210	0.094907	0.989097	7014.955566
6681.827230	0.095116	0.989097	7111.973633
6681.828193	0.094962	0.989097	7203.422363
6681.829068	0.094966	0.989097	7286.517578
6681.829970	0.095002	0.989097	7372.209961
6681.831058	0.094995	0.989097	7475.564453
6681.831950	0.094948	0.989097	7560.257812
6681.832812	0.094926	0.989097	7642.083496
6681.833841	0.095002	0.989097	7739.840820
6682.804246	1.096659	1.193426	557.102722
6682.805123	1.527210	1.193426	1896.465576
6682.805997	1.515242	1.193426	3220.786621
6682.807114	1.469125	1.193426	4861.798828
6682.808070	1.427824	1.193426	6226.797852
6682.808936	0.814340	1.193426	6932.016113
6682.809970	0.100419	1.193426	7035.849121
6682.811015	0.094973	1.193426	7135.096191
6682.811889	0.094889	1.193426	7218.029297
6682.812812	0.094944	1.193426	7305.662598
6682.813867	0.094980	1.193426	7405.867187
6682.814810	0.095002	1.193426	7495.454590
6682.815681	0.094926	1.193426	7578.134766
6682.816722	0.094955	1.193426	7676.982910
6682.817740	0.094973	1.193426	7773.665527
6682.818637	0.094955	1.193426	7858.839844
6683.846686	1.116343	0.986028	569.334839
6683.847696	1.532183	0.986028	2116.839355
6683.848591	1.511118	0.986028	3469.290039
6683.849555	1.469297	0.986028	4885.692383
6683.850609	1.424066	0.986028	6386.658203
6683.851534	0.577551	0.986028	6920.893066
6683.852391	0.098115	0.986028	7004.978027
6683.853458	0.094969	0.986028	7106.310547
6683.854462	0.094871	0.986028	7201.560547
6683.855337	0.094915	0.986028	7284.610840
6683.856328	0.094966	0.986028	7378.722168
6683.857373	0.094973	0.986028	7477.969238
6683.858257	0.094973	0.986028	7561.925293
6683.859120	0.094937	0.986028	7643.855469
6683.860197	0.094937	0.986028	7746.102051
6683.861197	0.094948	0.986028	7841.049805
6684.831190	1.041097	1.202336	460.165039
6684.832059	1.522438	1.202336	1783.163452
6684.833091	1.513729	1.202336	3345.332031
6684.834117	1.469473	1.202336	4853.010742
6684.835000	1.430980	1.202336	6116.566406
6684.835925	0.832914	1.202336	6887.011719
6684.836999	0.099027	1.202336	6993.366699
6684.837945	0.094969	1.202336	7083.208008
6684.838808	0.095043	1.202336	7165.229980
6684.839832	0.095094	1.202336	7262.606445
6684.840854	0.094955	1.202336	7359.650391
6684.841745	0.094991	1.202336	7444.287598
6684.842677	0.095032	1.202336	7532.857422
6684.843739	0.094940	1.202336	7633.684082
6684.844673	0.094944	1.202336	7722.361816
6684.845534	0.095043	1.202336	7804.193359
6685.873684	1.107792	1.033139	563.866028
6685.874608	1.530216	1.033139	1977.785645
6685.875470	1.515150	1.033139	3283.845215
6685.876558	1.468887	1.033139	4881.994141
6685.877553	1.426344	1.033139	6301.206543
6685.878450	0.707380	1.033139	6935.726562
6685.879442	0.100345	1.033139	7035.269043
6685.880481	0.095002	1.033139	7133.976562
6685.881380	0.095046	1.033139	7219.423340
6685.882237	0.094977	1.033139	7300.818359
6685.883312	0.095094	1.033139	7403.044434
6685.884303	0.094944	1.033139	7497.133789
6685.885176	0.094991	1.033139	7580.061523
6685.886158	0.095006	1.033139	7673.357422
6685.887213	0.095021	1.033139	7773.604492
6685.888100	0.094907	1.033139	7857.787109
6686.859257	1.100728	1.195097	523.946289
6686.860149	1.526433	1.195097	1885.524658
6686.861024	1.517761	1.195097	3213.565674
6686.861940	1.477500	1.195097	4566.955566
6686.862901	1.436067	1.195097	5947.015625
6686.863838	1.004736	1.195097	6888.453613
6686.864712	0.123248	1.195097	6996.172852
6686.865671	0.094958	1.195097	7087.238281
6686.866613	0.094940	1.195097	7176.671875
6686.867503	0.094980	1.195097	7261.204590
6686.868369	0.095035	1.195097	7343.505371
6686.869333	0.094984	1.195097	7435.070312
6686.870280	0.095017	1.195097	7525.051270
6686.871164	0.095032	1.195097	7609.059570
6686.872115	0.095021	1.195097	7699.424316
6686.873194	0.095028	1.195097	7801.959473
6687.901671	1.053669	1.032833	494.170959
6687.902609	1.528506	1.032833	1927.909424
6687.903539	1.514908	1.032833	3336.774414
6687.904405	1.476537	1.032833	4615.455078
6687.905368	1.435789	1.032833	5998.119141
6687.906302	0.954217	1.032833	6889.358398
6687.907227	0.113760	1.032833	6994.585937
6687.908090	0.094933	1.032833	7076.513184
6687.909050	0.094962	1.032833	7167.676758
6687.909996	0.094988	1.032833	7257.535156
6687.910884	0.095035	1.032833	7341.926758
6687.911796	0.095010	1.032833	7428.575684
6687.912731	0.094966	1.032833	7517.368652
6687.913664	0.094966	1.032833	7605.971680
6687.914548	0.094991	1.032833	7689.944336
6687.915546	0.095123	1.032833	7784.877441
6688.888311	1.080666	1.168370	513.316528
6688.889240	1.527429	1.168370	1932.298218
6688.890126	1.516106	1.168370	3275.567871
6688.891048	1.476698	1.168370	4637.083496
6688.891991	1.435258	1.168370	5990.531250
6688.892913	0.957634	1.168370	6873.469727
6688.893804	0.116444	1.168370	6977.221191
6688.894723	0.094907	1.168370	7064.440918
6688.895678	0.094933	1.168370	7155.101562
6688.896602	0.095017	1.168370	7242.897461
6688.897477	0.095043	1.168370	7326.060059
6688.898445	0.094969	1.168370	7417.990723
6688.899378	0.094867	1.168370	7506.501465
6688.900288	0.094948	1.168370	7592.903809
6688.901149	0.094988	1.168370	7674.688477
6688.902122	0.094951	1.168370	7767.076172
6689.927616	1.035491	0.998632	441.119019
6689.928544	1.522588	0.998632	1854.080566
6689.929587	1.512356	0.998632	3431.467773
6689.930571	1.468942	0.998632	4876.906250
6689.931468	1.430706	0.998632	6160.249023
6689.932481	0.704692	0.998632	6874.102539
6689.933526	0.097299	0.998632	6975.779785
6689.934403	0.094962	0.998632	7059.061523
6689.935260	0.094984	0.998632	7140.462891
6689.936359	0.095054	0.998632	7244.926758
6689.937323	0.094980	0.998632	7336.487793
6689.938179	0.095032	0.998632	7417.834961
6689.939244	0.095123	0.998632	7519.141113
6689.940285	0.095006	0.998632	7618.042480
6689.941160	0.094966	0.998632	7701.137695
6689.942062	0.095024	0.998632	7786.849609
6690.917873	1.058610	1.097403	509.191223
6690.918829	1.528279	1.097403	1970.225830
6690.919754	1.513696	1.097403	3370.395020
6690.920630	1.474970	1.097403	4662.468262
6690.921583	1.433057	1.097403	6028.170898
6690.922555	0.850613	1.097403	6854.966797
6690.923491	0.103689	1.097403	6952.019531
6690.924353	0.094915	1.097403	7033.835937
6690.925329	0.094955	1.097403	7126.511719
6690.926284	0.094977	1.097403	7217.214355
6690.927178	0.094940	1.097403	7302.090820
6690.928101	0.095010	1.097403	7389.784668
6690.929002	0.094991	1.097403	7475.372070
6690.929942	0.094984	1.097403	7564.657227
6690.930832	0.095002	1.097403	7649.209473
6690.931744	0.094977	1.097403	7735.828125
6691.952124	1.094806	0.878383	525.506775
6691.953004	1.527210	0.878383	1869.451172
6691.953882	1.518651	0.878383	3202.826904
6691.954805	1.478192	0.878383	4567.198242
6691.955763	1.437217	0.878383	5944.051758
6691.956701	1.011819	0.878383	6893.137695
6691.957563	0.124867	0.878383	7000.772949
6691.958542	0.094907	0.878383	7093.687012
6691.959485	0.094962	0.878383	7183.236328
6691.960372	0.094922	0.878383	7267.432129
6691.961251	0.094944	0.878383	7350.887695
6691.962197	0.094991	0.878383	7440.749512
6691.963129	0.094918	0.878383	7529.213379
6691.964021	0.094944	0.878383	7613.903320
6691.964934	0.094948	0.878383	7700.590332
6691.965883	0.094999	0.878383	7790.744141
6692.951479	1.034337	0.990451	434.421600
6692.952565	1.529660	0.990451	2095.631836
6692.953557	1.507581	0.990451	3591.151855
6692.954451	1.468586	0.990451	4904.067871
6692.955434	1.426772	0.990451	6306.584961
6692.956494	0.519357	0.990451	6857.103027
6692.957392	0.096141	0.990451	6943.437988
6692.958254	0.095024	0.990451	7025.349121
6692.959355	0.095057	0.990451	7130.007324
6692.960327	0.095017	0.990451	7222.363770
6692.961189	0.094988	0.990451	7304.243164
6692.962298	0.095017	0.990451	7409.617187
6692.963325	0.095061	0.990451	7507.245117
6692.964212	0.095043	0.990451	7591.547852
6692.965137	0.095043	0.990451	7679.462402
6692.966189	0.095090	0.990451	7779.497559
6693.969434	1.119547	0.853810	573.208130
6693.970371	1.530802	0.853810	2007.569580
6693.971250	1.515110	0.853810	3339.351074
6693.972215	1.473387	0.853810	4761.169922
6693.973266	1.428285	0.853810	6262.297363
6693.974161	0.755343	0.853810	6938.329102
6693.975022	0.103037	0.853810	7027.043945
6693.976083	0.095010	0.853810	7127.849121
6693.977028	0.094995	0.853810	7217.619629
6693.977895	0.095024	0.853810	7300.005859
6693.978815	0.095046	0.853810	7387.448730
6693.979879	0.095021	0.853810	7488.550781
6693.980752	0.095039	0.853810	7571.520020
6693.981619	0.094984	0.853810	7653.871094
6693.982639	0.095068	0.853810	7750.840820
6693.983615	0.094991	0.853810	7843.552246
6694.987228	1.042760	0.834228	461.942688
6694.988157	1.527158	0.834228	1880.672607
6694.989086	1.516432	0.834228	3289.437988
6694.989955	1.477679	0.834228	4573.541504
6694.990929	1.436624	0.834228	5972.812988
6694.991893	0.964600	0.834228	6902.687012
6694.992762	0.117543	0.834228	7004.831543
6694.993673	0.094948	0.834228	7091.328613
6694.994606	0.094995	0.834228	7179.958984
6694.995541	0.094995	0.834228	7268.779297
6694.996434	0.095065	0.834228	7353.671875
6694.997341	0.095024	0.834228	7439.858887
6694.998295	0.095021	0.834228	7530.508789
6694.999218	0.095046	0.834228	7618.236816
6695.000080	0.095010	0.834228	7700.135254
6695.001051	0.095068	0.834228	7792.446777
6695.983089	1.054797	0.974253	505.247955
6695.984021	1.528590	0.974253	1929.893921
6695.984946	1.514301	0.974253	3330.622070
6695.985838	1.475504	0.974253	4646.771484
6695.986778	1.434661	0.974253	5995.352539
6695.987743	0.906881	0.974253	6870.492676
6695.988659	0.109603	0.974253	6970.889160
6695.989515	0.094823	0.974253	7052.057617
6695.990470	0.094922	0.974253	7142.708008
6695.991420	0.094915	0.974253	7232.876953
6695.992307	0.094962	0.974253	7317.108398
6695.993176	0.094969	0.974253	7399.636719
6695.994129	0.094940	0.974253	7490.114746
6695.995074	0.094944	0.974253	7579.836914
6695.995962	0.095046	0.974253	7664.238281
6695.996877	0.094948	0.974253	7751.115234
6697.023984	1.081084	0.732308	507.028412
6697.024918	1.528843	0.732308	1934.967651
6697.025796	1.517369	0.732308	3267.218018
6697.026727	1.477244	0.732308	4642.531738
6697.027690	1.435997	0.732308	6025.396973
6697.028601	0.958780	0.732308	6898.846191
6697.029481	0.116547	0.732308	7001.407227
6697.030398	0.094926	0.732308	7088.454102
6697.031335	0.095021	0.732308	7177.488770
6697.032250	0.094969	0.732308	7264.385742
6697.033115	0.094973	0.732308	7346.537598
6697.034079	0.095002	0.732308	7438.120117
6697.035028	0.094958	0.732308	7528.235840
6697.035911	0.095076	0.732308	7612.187500
6697.036826	0.095010	0.732308	7699.121582
6697.037725	0.094955	0.732308	7784.485840
6698.005448	1.036560	1.039910	443.647705
6698.006396	1.522749	1.039910	1887.213867
6698.007322	1.515707	1.039910	3290.758301
6698.008236	1.475804	1.039910	4639.643555
6698.009120	1.437601	1.039910	5910.483398
6698.010066	1.011467	1.039910	6867.331543
6698.010998	0.115206	1.039910	6974.703613
6698.011922	0.094944	1.039910	7062.431641
6698.012784	0.095035	1.039910	7144.352051
6698.013749	0.094999	1.039910	7236.025879
6698.014698	0.094933	1.039910	7326.117187
6698.015590	0.095035	1.039910	7410.888672
6698.016517	0.094922	1.039910	7498.881348
6698.017449	0.094948	1.039910	7587.372559
6698.018359	0.094988	1.039910	7673.811523
6698.019243	0.094988	1.039910	7757.780762
