time (s)	coil I (A)	last det (V)	int current (uC)
3347.942362	1.057035	0.446180	454.525024
3347.943374	1.527942	0.446180	2000.802124
3347.944431	1.511594	0.446180	3598.557129
3347.945317	1.471395	0.446180	4902.213379
3347.946200	1.431819	0.446180	6166.509277
3347.947299	1.388119	0.446180	7692.051758
3347.948260	1.350286	0.446180	8989.675781
3347.949139	0.768516	0.446180	9665.201172
3347.950184	0.099946	0.446180	9769.645508
3347.951219	0.094900	0.446180	9867.867187
3347.952090	0.094878	0.446180	9950.505859
3347.953003	0.094995	0.446180	10037.236328
3347.954067	0.094962	0.446180	10138.276367
3347.955023	0.094845	0.446180	10228.948242
3347.955901	0.094882	0.446180	10312.253906
3347.956834	0.094958	0.446180	10400.850586
3347.957885	0.094904	0.446180	10500.593750
3347.958776	0.094863	0.446180	10585.117187
3348.956376	1.056779	0.447381	464.982574
3348.957247	1.525140	0.447381	1793.379883
3348.958245	1.518878	0.447381	3309.220215
3348.959165	1.479009	0.447381	4669.908203
3348.960054	1.439974	0.447381	5950.045410
3348.960977	1.401691	0.447381	7243.805664
3348.961917	1.363107	0.447381	8525.125977
3348.962840	1.116306	0.447381	9555.476562
3348.963720	0.159631	0.447381	9695.952148
3348.964748	0.094742	0.447381	9793.347656
3348.965659	0.094907	0.447381	9879.808594
3348.966581	0.094863	0.447381	9967.272461
3348.967441	0.094863	0.447381	10048.854492
3348.968446	0.094955	0.447381	10144.284180
3348.969367	0.094863	0.447381	10231.653320
3348.970249	0.094889	0.447381	10315.345703
3348.971179	0.094896	0.447381	10403.599609
3348.972135	0.094863	0.447381	10494.289062
3349.952447	1.032543	0.496792	441.928284
3349.953323	1.523943	0.496792	1776.902100
3349.954310	1.520387	0.496792	3277.523926
3349.955208	1.480539	0.496792	4607.048340
3349.956134	1.440553	0.496792	5941.000488
3349.957005	1.403540	0.496792	7163.483887
3349.957987	1.364418	0.496792	8503.341797
3349.958900	1.115819	0.496792	9522.084961
3349.959826	0.155698	0.496792	9666.261719
3349.960703	0.094673	0.496792	9749.290039
3349.961687	0.094871	0.496792	9842.642578
3349.962614	0.094856	0.496792	9930.574219
3349.963493	0.094863	0.496792	10013.958984
3349.964505	0.094852	0.496792	10109.949219
3349.965399	0.094845	0.496792	10194.740234
3349.966322	0.094863	0.496792	10282.298828
3349.967183	0.094750	0.496792	10363.877930
3349.968186	0.094863	0.496792	10459.025391
3351.001797	1.034136	0.446805	448.814880
3351.002666	1.524569	0.446805	1773.665527
3351.003748	1.515641	0.446805	3413.588867
3351.004702	1.473915	0.446805	4819.703613
3351.005584	1.435708	0.446805	6085.998047
3351.006520	1.397043	0.446805	7393.630859
3351.007560	1.356171	0.446805	8804.048828
3351.008447	0.930978	0.446805	9629.826172
3351.009309	0.119550	0.446805	9732.877930
3351.010346	0.094852	0.446805	9831.240234
3351.011308	0.094889	0.446805	9922.523437
3351.012175	0.094900	0.446805	10004.801758
3351.013053	0.094929	0.446805	10088.149414
3351.014152	0.094955	0.446805	10192.504883
3351.015044	0.094834	0.446805	10277.096680
3351.015920	0.094896	0.446805	10360.225586
3351.016807	0.094907	0.446805	10444.408203
3351.017842	0.094827	0.446805	10542.553711
3351.969716	1.023937	0.483825	429.029541
3351.970769	1.530264	0.483825	2040.397217
3351.971652	1.516666	0.483825	3379.613525
3351.972542	1.477841	0.483825	4694.891602
3351.973466	1.437411	0.483825	6023.059082
3351.974470	1.396157	0.483825	7424.800781
3351.975387	1.360023	0.483825	8671.942383
3351.976267	1.063136	0.483825	9607.501953
3351.977398	0.108574	0.483825	9730.299805
3351.978301	0.094845	0.483825	9815.944336
3351.979182	0.094911	0.483825	9899.560547
3351.980056	0.094885	0.483825	9982.490234
3351.981099	0.094819	0.483825	10081.386719
3351.981980	0.094900	0.483825	10164.993164
3351.982852	0.094940	0.483825	10247.781250
3351.983852	0.094966	0.483825	10342.747070
3351.984753	0.094893	0.483825	10428.245117
3351.985670	0.094904	0.483825	10515.271484
3353.034173	1.027716	0.494907	435.751587
3353.035094	1.523998	0.494907	1839.353516
3353.036030	1.519028	0.494907	3261.164062
3353.036958	1.479316	0.494907	4633.969727
3353.037833	1.440659	0.494907	5894.546387
3353.038815	1.400303	0.494907	7269.643555
3353.039772	1.362396	0.494907	8573.457031
3353.040670	1.113959	0.494907	9573.791992
3353.041594	0.157654	0.494907	9719.463867
3353.042557	0.094779	0.494907	9810.736328
3353.043483	0.094944	0.494907	9898.654297
3353.044345	0.094874	0.494907	9980.435547
3353.045329	0.094933	0.494907	10073.849609
3353.046276	0.094907	0.494907	10163.726562
3353.047188	0.094948	0.494907	10250.318359
3353.048065	0.094878	0.494907	10333.526367
3353.049016	0.094856	0.494907	10423.734375
3353.049955	0.094874	0.494907	10512.821289
3354.001598	1.022816	0.538997	430.605621
3354.002557	1.523386	0.538997	1891.532959
3354.003604	1.513202	0.538997	3475.855225
3354.004541	1.472684	0.538997	4855.760742
3354.005406	1.434254	0.538997	6096.390625
3354.006476	1.390507	0.538997	7584.232422
3354.007483	1.350934	0.538997	8944.623047
3354.008387	0.761829	0.538997	9633.316406
3354.009368	0.102887	0.538997	9734.248047
3354.010434	0.094911	0.538997	9835.422852
3354.011337	0.094933	0.538997	9921.147461
3354.012197	0.094955	0.538997	10002.808594
3354.013298	0.095061	0.538997	10107.470703
3354.014261	0.094841	0.538997	10198.802734
3354.015127	0.094929	0.538997	10281.011719
3354.016135	0.094995	0.538997	10376.766602
3354.017184	0.094849	0.538997	10476.262695
3354.018067	0.094940	0.538997	10560.094727
3355.057394	1.088778	0.553120	507.370605
3355.058283	1.528143	0.553120	1865.890015
3355.059157	1.521508	0.553120	3195.687500
3355.060154	1.478383	0.553120	4669.634766
3355.061088	1.437199	0.553120	6011.978027
3355.062017	1.398984	0.553120	7311.634766
3355.062898	1.362546	0.553120	8512.038086
3355.063959	0.980761	0.553120	9552.625000
3355.064851	0.123073	0.553120	9662.405273
3355.065730	0.094790	0.553120	9745.725586
3355.066704	0.094845	0.553120	9838.104492
3355.067649	0.094838	0.553120	9927.726562
3355.068572	0.094867	0.553120	10015.289062
3355.069435	0.094896	0.553120	10097.184570
3355.070477	0.094933	0.553120	10196.104492
3355.071367	0.094860	0.553120	10280.529297
3355.072287	0.094955	0.553120	10367.887695
3355.073148	0.094944	0.553120	10449.634766
3356.033006	1.056412	0.601859	503.908691
3356.034026	1.532886	0.601859	2067.452148
3356.034920	1.514755	0.601859	3421.642822
3356.035795	1.476621	0.601859	4713.686523
3356.036795	1.433723	0.601859	6147.409668
3356.037712	1.394667	0.601859	7426.319336
3356.038639	1.358328	0.601859	8685.489258
3356.039521	1.002927	0.601859	9570.071289
3356.040559	0.109966	0.601859	9684.215820
3356.041447	0.094790	0.601859	9768.389648
3356.042367	0.094878	0.601859	9855.677734
3356.043229	0.094900	0.601859	9937.481445
3356.044224	0.094962	0.601859	10031.968750
3356.045136	0.094863	0.601859	10118.484375
3356.046014	0.094874	0.601859	10201.784180
3356.046954	0.094889	0.601859	10290.979492
3356.047863	0.094896	0.601859	10377.240234
3356.048796	0.094819	0.601859	10465.707031
3357.085116	1.032513	0.555436	436.753174
3357.086176	1.530399	0.555436	2058.976318
3357.087176	1.511210	0.555436	3570.186035
3357.088057	1.472380	0.555436	4867.353027
3357.089059	1.430215	0.555436	6300.428223
3357.090114	1.386511	0.555436	7763.197266
3357.091007	1.350308	0.555436	8969.021484
3357.091881	0.754259	0.555436	9628.244141
3357.092970	0.097987	0.555436	9734.952148
3357.093956	0.094922	0.555436	9828.544922
3357.094823	0.094980	0.555436	9910.892578
3357.095892	0.094933	0.555436	10012.375977
3357.096929	0.094874	0.555436	10110.760742
3357.097817	0.094922	0.555436	10195.051758
3357.098741	0.094962	0.555436	10282.796875
3357.099818	0.094907	0.555436	10385.011719
3357.100764	0.094933	0.555436	10474.818359
3357.101629	0.094893	0.555436	10556.900391
3358.064581	1.039856	0.631205	450.257629
3358.065450	1.523317	0.631205	1774.019775
3358.066538	1.514476	0.631205	3421.770020
3358.067452	1.474285	0.631205	4769.266113
3358.068384	1.434558	0.631205	6106.274414
3358.069251	1.397644	0.631205	7318.031738
3358.070309	1.356562	0.631205	8753.275391
3358.071208	0.956415	0.631205	9613.091797
3358.072078	0.122292	0.631205	9719.486328
3358.073055	0.094878	0.631205	9812.181641
3358.074008	0.094849	0.631205	9902.572266
3358.074930	0.094918	0.631205	9990.086914
3358.075795	0.094838	0.631205	10072.121094
3358.076836	0.094893	0.631205	10170.904297
3358.077709	0.094845	0.631205	10253.704102
3358.078583	0.094904	0.631205	10336.649414
3358.079500	0.094951	0.631205	10423.719727
3358.080493	0.094900	0.631205	10517.955078
3359.110629	1.047612	0.625735	491.330170
3359.111566	1.530483	0.625735	1925.393066
3359.112524	1.515992	0.625735	3377.713867
3359.113425	1.476497	0.625735	4708.037109
3359.114348	1.436550	0.625735	6033.973145
3359.115311	1.396776	0.625735	7379.068359
3359.116238	1.359946	0.625735	8639.738281
3359.117106	1.078242	0.625735	9575.652344
3359.118086	0.135172	0.625735	9708.121094
3359.118983	0.094794	0.625735	9793.151367
3359.119904	0.094867	0.625735	9880.523437
3359.120774	0.094940	0.625735	9963.121094
3359.121745	0.094955	0.625735	10055.322266
3359.122691	0.094951	0.625735	10145.146484
3359.123585	0.094958	0.625735	10230.039062
3359.124494	0.094944	0.625735	10316.342773
3359.125448	0.094926	0.625735	10406.901367
3359.126369	0.094907	0.625735	10494.310547
3360.094984	1.103789	0.691364	540.856628
3360.095912	1.529762	0.691364	1960.475830
3360.096841	1.516421	0.691364	3369.230957
3360.097702	1.477646	0.691364	4641.484375
3360.098783	1.432343	0.691364	6189.846680
3360.099847	1.388738	0.691364	7667.463867
3360.100748	1.352487	0.691364	8886.054687
3360.101620	0.808455	0.691364	9591.027344
3360.102732	0.099126	0.691364	9701.255859
3360.103700	0.094896	0.691364	9793.115234
3360.104569	0.094849	0.691364	9875.539062
3360.105578	0.094991	0.691364	9971.385742
3360.106614	0.094893	0.691364	10069.694336
3360.107505	0.094907	0.691364	10154.256836
3360.108419	0.094863	0.691364	10240.961914
3360.109486	0.094933	0.691364	10342.254883
3360.110446	0.094874	0.691364	10433.333984
3360.111313	0.094907	0.691364	10515.618164
3361.136323	1.030020	0.678276	437.758301
3361.137248	1.524668	0.678276	1848.076172
3361.138216	1.518219	0.678276	3317.712158
3361.139148	1.477408	0.678276	4694.656738
3361.140017	1.439308	0.678276	5945.415039
3361.141007	1.399548	0.678276	7330.967773
3361.141911	1.361228	0.678276	8561.517578
3361.142835	1.085552	0.678276	9564.567383
3361.143709	0.150472	0.678276	9696.080078
3361.144699	0.094812	0.678276	9789.944336
3361.145648	0.094907	0.678276	9880.011719
3361.146543	0.094958	0.678276	9965.000000
3361.147463	0.094958	0.678276	10052.361328
3361.148415	0.094904	0.678276	10142.709961
3361.149334	0.094904	0.678276	10229.926758
3361.150212	0.094944	0.678276	10313.287109
3361.151141	0.094944	0.678276	10401.490234
3361.152089	0.094911	0.678276	10491.465820
3362.124473	1.022952	0.750061	431.685577
3362.125420	1.522822	0.750061	1873.798218
3362.126471	1.513418	0.750061	3464.400391
3362.127367	1.474065	0.750061	4785.162598
3362.128233	1.436126	0.750061	6028.847168
3362.129290	1.392554	0.750061	7500.776367
3362.130260	1.354556	0.750061	8814.695312
3362.131147	0.915326	0.750061	9626.589844
3362.132071	0.117129	0.750061	9734.817383
3362.133111	0.094900	0.750061	9833.513672
3362.133986	0.094966	0.750061	9916.608398
3362.134860	0.094948	0.750061	9999.592773
3362.135775	0.095028	0.750061	10086.543945
3362.136795	0.094889	0.750061	10183.331055
3362.137693	0.094911	0.750061	10268.560547
3362.138586	0.094940	0.750061	10353.341797
3362.139571	0.095028	0.750061	10446.944336
3362.140485	0.094907	0.750061	10533.689453
3363.167716	1.096344	0.729041	503.221893
3363.168692	1.530699	0.729041	1997.184570
3363.169620	1.515795	0.729041	3403.842041
3363.170487	1.476954	0.729041	4684.361328
3363.171462	1.435778	0.729041	6084.244141
3363.172420	1.395945	0.729041	7421.559570
3363.173323	1.359800	0.729041	8649.458984
3363.174236	1.050549	0.729041	9608.610352
3363.175179	0.128569	0.729041	9729.851562
3363.176119	0.094867	0.729041	9819.026367
3363.176997	0.094907	0.729041	9902.354492
3363.177912	0.094929	0.729041	9989.214844
3363.178865	0.094933	0.729041	10079.685547
3363.179788	0.094904	0.729041	10167.281250
3363.180664	0.094926	0.729041	10250.435547
3363.181723	0.094966	0.729041	10351.003906
3363.182768	0.094911	0.729041	10450.185547
3363.183684	0.094852	0.729041	10537.070312
3364.152362	1.132676	0.770448	591.256775
3364.153321	1.532556	0.770448	2060.978027
3364.154204	1.515183	0.770448	3398.884766
3364.155115	1.474852	0.770448	4742.475098
3364.156195	1.429512	0.770448	6286.347656
3364.157095	1.391843	0.770448	7539.006836
3364.157960	1.357218	0.770448	8713.000000
3364.159025	0.779773	0.770448	9543.458008
3364.159973	0.101316	0.770448	9639.505859
3364.160850	0.094834	0.770448	9722.674805
3364.161748	0.094926	0.770448	9807.917969
3364.162849	0.094944	0.770448	9912.451172
3364.163718	0.094911	0.770448	9994.928711
3364.164593	0.094911	0.770448	10077.975586
3364.165480	0.094922	0.770448	10162.170898
3364.166523	0.094937	0.770448	10261.189453
3364.167413	0.094999	0.770448	10345.738281
3364.168295	0.094962	0.770448	10429.495117
3365.195248	1.075983	0.834837	500.331909
3365.196145	1.527363	0.834837	1870.376831
3365.197081	1.518314	0.834837	3291.519043
3365.198040	1.476874	0.834837	4707.840820
3365.198966	1.436656	0.834837	6038.184570
3365.199830	1.399841	0.834837	7247.647461
3365.200772	1.361426	0.834837	8530.110352
3365.201732	1.047964	0.834837	9536.155273
3365.202657	0.133839	0.834837	9659.956055
3365.203527	0.094845	0.834837	9742.470703
3365.204496	0.094951	0.834837	9834.478516
3365.205443	0.094911	0.834837	9924.359375
3365.206335	0.094863	0.834837	10008.977539
3365.207225	0.094856	0.834837	10093.399414
3365.208165	0.094958	0.834837	10182.660156
3365.209116	0.094816	0.834837	10272.830078
3365.209994	0.094904	0.834837	10356.155273
3365.210904	0.094849	0.834837	10442.467773
3366.180290	1.031719	0.766557	442.607391
3366.181167	1.523675	0.766557	1778.870728
3366.182107	1.520013	0.766557	3207.683105
3366.183091	1.477804	0.766557	4661.842285
3366.184014	1.437850	0.766557	5988.978027
3366.184886	1.401094	0.766557	7210.731934
3366.185909	1.361393	0.766557	8603.436523
3366.186819	1.076126	0.766557	9582.710937
3366.187696	0.146506	0.766557	9711.197266
3366.188551	0.094896	0.766557	9792.333984
3366.189612	0.094977	0.766557	9893.104492
3366.190507	0.094966	0.766557	9978.098633
3366.191384	0.094900	0.766557	10061.326172
3366.192365	0.094933	0.766557	10154.455078
3366.193304	0.095024	0.766557	10243.682617
3366.194229	0.094926	0.766557	10331.488281
3366.195095	0.094915	0.766557	10413.684570
3366.196134	0.094907	0.766557	10512.292969
3367.226100	1.085830	0.908382	507.082642
3367.226977	1.526785	0.908382	1846.072754
3367.227853	1.520742	0.908382	3178.242920
3367.228868	1.478093	0.908382	4678.507812
3367.229792	1.436411	0.908382	6005.751953
3367.230707	1.398391	0.908382	7285.279785
3367.231590	1.362770	0.908382	8488.605469
3367.232620	1.018216	0.908382	9537.368164
3367.233528	0.127731	0.908382	9653.347656
3367.234407	0.094834	0.908382	9736.707031
3367.235349	0.094944	0.908382	9826.144531
3367.236343	0.094856	0.908382	9920.431641
3367.237269	0.094812	0.908382	10008.227539
3367.238136	0.094856	0.908382	10090.467773
3367.239186	0.094867	0.908382	10190.078125
3367.240069	0.094834	0.908382	10273.816406
3367.240988	0.094874	0.908382	10361.005859
3367.241851	0.094918	0.908382	10442.919922
3368.210403	1.046744	0.780958	486.736115
3368.211354	1.529612	0.780958	1941.396973
3368.212289	1.515549	0.780958	3358.435547
3368.213178	1.476976	0.780958	4671.467285
3368.214098	1.436851	0.780958	5993.369629
3368.215067	1.397007	0.780958	7347.069336
3368.215997	1.359884	0.780958	8611.761719
3368.216866	1.077693	0.780958	9548.276367
3368.217955	0.119374	0.780958	9678.274414
3368.219002	0.094830	0.780958	9777.561523
3368.219898	0.094819	0.780958	9862.519531
3368.220758	0.094849	0.780958	9944.089844
3368.221845	0.094933	0.780958	10047.282227
3368.222809	0.094838	0.780958	10138.706055
3368.223675	0.094860	0.780958	10220.854492
3368.224664	0.094904	0.780958	10314.713867
3368.225712	0.094852	0.780958	10414.119141
3368.226613	0.094797	0.780958	10499.531250
3369.252862	1.051395	0.894440	519.389282
3369.253790	1.530011	0.894440	1939.239502
3369.254698	1.516036	0.894440	3315.800537
3369.255594	1.477273	0.894440	4639.437012
3369.256513	1.436979	0.894440	5960.020508
3369.257478	1.397307	0.894440	7308.421875
3369.258408	1.360422	0.894440	8573.614258
3369.259274	1.097391	0.894440	9523.955078
3369.260260	0.138633	0.894440	9660.647461
3369.261217	0.094841	0.894440	9751.410156
3369.262107	0.094933	0.894440	9835.900391
3369.263020	0.094878	0.894440	9922.524414
3369.263943	0.094852	0.894440	10010.073242
3369.264872	0.094871	0.894440	10098.208008
3369.265753	0.094893	0.894440	10181.808594
3369.266666	0.094955	0.894440	10268.501953
3369.267627	0.094896	0.894440	10359.697266
3369.268556	0.094871	0.894440	10447.832031
3370.242822	1.109147	0.793293	554.573364
3370.243745	1.529425	0.793293	1966.232666
3370.244669	1.516212	0.793293	3367.212646
3370.245533	1.477365	0.793293	4643.655762
3370.246499	1.436067	0.793293	6030.896484
3370.247453	1.396743	0.793293	7363.389648
3370.248348	1.360690	0.793293	8581.207031
3370.249271	1.081300	0.793293	9579.247070
3370.250212	0.132045	0.793293	9703.500977
3370.251150	0.094816	0.793293	9792.438477
3370.252044	0.094860	0.793293	9877.243164
3370.252966	0.094885	0.793293	9964.727539
3370.253920	0.094904	0.793293	10055.265625
3370.254837	0.094856	0.793293	10142.248047
3370.255700	0.094977	0.793293	10224.212891
3370.256658	0.094893	0.793293	10315.120117
3370.257567	0.094904	0.793293	10401.387695
3370.258462	0.094893	0.793293	10486.316406
3371.276268	1.075986	0.823622	511.093475
3371.277215	1.530238	0.823622	1960.228882
3371.278139	1.516230	0.823622	3361.225830
3371.279006	1.477654	0.823622	4642.351562
3371.279974	1.436642	0.823622	6033.020996
3371.280936	1.397051	0.823622	7376.983887
3371.281835	1.360572	0.823622	8600.138672
3371.282716	1.088895	0.823622	9559.455078
3371.283680	0.141940	0.823622	9696.285156
3371.284608	0.094808	0.823622	9784.267578
3371.285484	0.094863	0.823622	9867.368164
3371.286456	0.094900	0.823622	9959.611328
3371.287404	0.094882	0.823622	10049.558594
3371.288305	0.094904	0.823622	10135.066406
3371.289225	0.094882	0.823622	10222.357422
3371.290156	0.094900	0.823622	10310.708984
3371.291100	0.094904	0.823622	10400.297852
3371.291980	0.094915	0.823622	10483.822266
3372.280072	1.127091	0.846293	566.926819
3372.281044	1.530842	0.846293	2054.905518
3372.281978	1.513868	0.846293	3468.858398
3372.282844	1.474655	0.846293	4745.909180
3372.283802	1.433635	0.846293	6119.332031
3372.284751	1.394535	0.846293	7442.745605
3372.285653	1.358467	0.846293	8668.083008
3372.286585	1.007681	0.846293	9607.241211
3372.287527	0.119960	0.846293	9720.243164
3372.288426	0.094786	0.846293	9805.456055
3372.289286	0.094805	0.846293	9886.988281
3372.290254	0.094852	0.846293	9978.805664
3372.291203	0.094830	0.846293	10068.799805
3372.292095	0.094911	0.846293	10153.459961
3372.293030	0.094889	0.846293	10242.180664
3372.293986	0.094849	0.846293	10332.855469
3372.294888	0.094904	0.846293	10418.458008
3372.295767	0.094882	0.846293	10501.859375
3373.282748	1.023842	0.920455	434.108795
3373.283701	1.526459	0.920455	1888.823975
3373.284636	1.516549	0.920455	3306.797363
3373.285560	1.476888	0.920455	4671.442383
3373.286435	1.437744	0.920455	5929.468750
3373.287525	1.393425	0.920455	7448.302246
3373.288590	1.352410	0.920455	8888.619141
3373.289492	0.818829	0.920455	9627.203125
3373.290374	0.107468	0.920455	9721.990234
3373.291484	0.094999	0.920455	9827.438477
3373.292435	0.094852	0.920455	9917.642578
3373.293305	0.094819	0.920455	10000.135742
3373.294354	0.094969	0.920455	10099.758789
3373.295383	0.094911	0.920455	10197.421875
3373.296280	0.094900	0.920455	10282.546875
3373.297221	0.094889	0.920455	10371.836914
3373.298270	0.094878	0.920455	10471.364258
3373.299200	0.094852	0.920455	10559.577148
3374.325266	1.091338	0.722970	558.764954
3374.326160	1.529473	0.722970	1926.113525
3374.327078	1.517457	0.722970	3319.139404
3374.327953	1.478573	0.722970	4612.890625
3374.328875	1.439275	0.722970	5939.902344
3374.329820	1.399226	0.722970	7262.170898
3374.330776	1.361569	0.722970	8563.830078
3374.331653	1.137220	0.722970	9561.171875
3374.332607	0.138779	0.722970	9693.567383
3374.333565	0.094830	0.722970	9784.415039
3374.334491	0.094929	0.722970	9872.319336
3374.335352	0.094977	0.722970	9954.094727
3374.336323	0.094867	0.722970	10046.210937
3374.337256	0.094874	0.722970	10134.728516
3374.338121	0.094969	0.722970	10216.876953
3374.339046	0.094995	0.722970	10304.747070
3374.339966	0.094893	0.722970	10392.047852
3374.340890	0.094944	0.722970	10479.776367
3375.299273	1.032393	0.979909	451.155518
3375.300180	1.524987	0.979909	1834.318359
3375.301062	1.520457	0.979909	3175.361084
3375.302046	1.477485	0.979909	4629.206543
3375.303010	1.436060	0.979909	6013.567871
3375.303939	1.397758	0.979909	7312.084473
3375.304804	1.362356	0.979909	8490.522461
3375.305786	1.077352	0.979909	9548.482422
3375.306742	0.138270	0.979909	9680.668945
3375.307615	0.094900	0.979909	9763.516602
3375.308486	0.094926	0.979909	9846.196289
3375.309460	0.094980	0.979909	9938.707031
3375.310416	0.094896	0.979909	10029.427734
3375.311303	0.094911	0.979909	10113.613281
3375.312211	0.094867	0.979909	10199.752930
3375.313180	0.094871	0.979909	10291.682617
3375.314103	0.094922	0.979909	10379.295898
3375.314964	0.094889	0.979909	10460.995117
3376.361957	1.076583	0.740985	491.998566
3376.362834	1.526960	0.740985	1831.142944
3376.363702	1.519812	0.740985	3150.339844
3376.364799	1.474175	0.740985	4767.509766
3376.365709	1.434547	0.740985	6072.947754
3376.366598	1.397695	0.740985	7315.499023
3376.367585	1.358665	0.740985	8656.500977
3376.368601	0.893452	0.740985	9564.248047
3376.369492	0.110988	0.740985	9663.137695
3376.370353	0.094874	0.740985	9744.824219
3376.371455	0.094980	0.740985	9849.493164
3376.372369	0.094896	0.740985	9936.228516
3376.373251	0.094915	0.740985	10019.943359
3376.374248	0.094933	0.740985	10114.591797
3376.375240	0.094874	0.740985	10208.707031
3376.376122	0.094900	0.740985	10292.409180
3376.376980	0.094863	0.740985	10373.801758
3376.378073	0.094838	0.740985	10477.458984
3377.325766	1.034912	0.979071	443.977295
3377.326670	1.521925	0.979071	1819.797607
3377.327761	1.512169	0.979071	3469.574219
3377.328719	1.470579	0.979071	4878.388672
3377.329585	1.432628	0.979071	6119.044922
3377.330629	1.389793	0.979071	7569.988281
3377.331649	1.349854	0.979071	8946.838867
3377.332545	0.770138	0.979071	9636.882812
3377.333483	0.104271	0.979071	9734.689453
3377.334546	0.094948	0.979071	9835.619141
3377.335467	0.094933	0.979071	9923.052734
3377.336341	0.094874	0.979071	10005.972656
3377.337391	0.094995	0.979071	10105.717773
3377.338408	0.094830	0.979071	10202.160156
3377.339301	0.094874	0.979071	10286.882812
3377.340279	0.094871	0.979071	10379.666016
3377.341342	0.094944	0.979071	10480.591797
3377.342261	0.094958	0.979071	10567.858398
3378.386623	1.032484	0.836935	440.870728
3378.387491	1.523207	0.836935	1763.014282
3378.388469	1.517922	0.836935	3247.542236
3378.389400	1.477434	0.836935	4623.033203
3378.390332	1.437832	0.836935	5963.092773
3378.391203	1.400046	0.836935	7182.533203
3378.392214	1.361338	0.836935	8558.845703
3378.393138	1.084160	0.836935	9560.609375
3378.394022	0.148103	0.836935	9691.532227
3378.394958	0.094742	0.836935	9780.210937
3378.395903	0.094812	0.836935	9869.808594
3378.396823	0.094871	0.836935	9957.089844
3378.397697	0.094889	0.836935	10040.022461
3378.398625	0.094871	0.836935	10128.062500
3378.399587	0.094874	0.836935	10219.332031
3378.400511	0.094882	0.836935	10307.002930
3378.401374	0.094874	0.836935	10388.879883
3378.402342	0.094893	0.836935	10480.736328
3379.359196	1.084596	0.953801	490.237366
3379.360127	1.528385	0.953801	1913.163818
3379.361012	1.518699	0.953801	3257.212158
3379.361940	1.478101	0.953801	4628.889648
3379.362902	1.436763	0.953801	6011.055176
3379.363832	1.398036	0.953801	7311.228516
3379.364697	1.362913	0.953801	8490.147461
3379.365673	1.098805	0.953801	9562.581055
3379.366619	0.139515	0.953801	9694.562500
3379.367525	0.094790	0.953801	9780.442383
3379.368405	0.094819	0.953801	9863.883789
3379.369369	0.094838	0.953801	9955.307617
3379.370291	0.094878	0.953801	10042.785156
3379.371161	0.094845	0.953801	10125.299805
3379.372137	0.094856	0.953801	10217.878906
3379.373086	0.094867	0.953801	10307.907227
3379.373986	0.094900	0.953801	10393.317383
3379.374848	0.094827	0.953801	10475.057617
3380.402875	1.043840	0.880498	442.588287
3380.403969	1.530480	0.880498	2116.933105
3380.404939	1.509540	0.880498	3581.186523
3380.405817	1.471139	0.880498	4872.846680
3380.406832	1.428058	0.880498	6322.325195
3380.407887	1.384962	0.880498	7783.460449
3380.408766	1.349443	0.880498	8969.621094
3380.409664	0.735344	0.880498	9629.959961
3380.410752	0.097328	0.880498	9735.852539
3380.411709	0.094885	0.880498	9826.658203
3380.412577	0.094845	0.880498	9908.983398
3380.413600	0.094841	0.880498	10006.005859
3380.414639	0.094816	0.880498	10104.519531
3380.415534	0.094830	0.880498	10189.392578
3380.416401	0.094863	0.880498	10271.638672
3380.417448	0.094922	0.880498	10371.021484
3380.418402	0.094849	0.880498	10461.506836
3380.419275	0.094834	0.880498	10544.296875
3381.401542	1.034249	0.866044	446.795715
3381.402420	1.524108	0.866044	1784.962158
3381.403310	1.520061	0.866044	3137.816406
3381.404428	1.473845	0.866044	4785.575195
3381.405327	1.434668	0.866044	6075.341797
3381.406198	1.398043	0.866044	7293.037109
3381.407225	1.357474	0.866044	8687.163086
3381.408210	0.910605	0.866044	9584.109375
3381.409084	0.114426	0.866044	9684.118164
3381.409941	0.094775	0.866044	9765.340820
3381.411045	0.094926	0.866044	9870.138672
3381.411928	0.094929	0.866044	9953.960937
3381.412800	0.094874	0.866044	10036.691406
3381.413822	0.095039	0.866044	10133.821289
3381.414813	0.094885	0.866044	10227.852539
3381.415694	0.094918	0.866044	10311.475586
3381.416556	0.095017	0.866044	10393.379883
3381.417645	0.094852	0.866044	10496.673828
3382.419751	1.085332	0.855720	578.481995
3382.420811	1.532640	0.855720	2203.080811
3382.421734	1.508698	0.855720	3595.608643
3382.422598	1.469601	0.855720	4865.343750
3382.423657	1.424766	0.855720	6374.170410
3382.424650	1.383622	0.855720	7748.106934
3382.425549	1.349055	0.855720	8960.907227
3382.426540	0.625415	0.855720	9580.693359
3382.427584	0.096339	0.855720	9681.271484
3382.428482	0.094889	0.855720	9766.481445
3382.429359	0.094816	0.855720	9849.634766
3382.430345	0.094991	0.855720	9943.295898
3382.431337	0.094893	0.855720	10037.429687
3382.432229	0.094904	0.855720	10122.083984
3382.433089	0.094911	0.855720	10203.707031
3382.434174	0.094951	0.855720	10306.729492
3382.435082	0.094878	0.855720	10392.878906
3382.435954	0.094830	0.855720	10475.571289
3383.451590	1.042104	0.837616	455.399658
3383.452456	1.523639	0.837616	1774.870850
3383.453547	1.513411	0.837616	3426.001953
3383.454547	1.469579	0.837616	4895.581055
3383.455442	1.431379	0.837616	6176.665527
3383.456423	1.391063	0.837616	7541.298828
3383.457461	1.350205	0.837616	8942.811523
3383.458383	0.729609	0.837616	9615.511719
3383.459261	0.102173	0.837616	9705.219727
3383.460267	0.094911	0.837616	9800.700195
3383.461254	0.094849	0.837616	9894.315430
3383.462138	0.094878	0.837616	9978.187500
3383.462993	0.094874	0.837616	10059.304687
3383.464089	0.094915	0.837616	10163.331055
3383.464974	0.094867	0.837616	10247.288086
3383.465850	0.094874	0.837616	10330.397461
3383.466847	0.094918	0.837616	10425.031250
3383.467851	0.094900	0.837616	10520.310547
3384.437967	1.038472	0.926473	456.927551
3384.438833	1.522775	0.926473	1775.650391
3384.439870	1.515546	0.926473	3347.271240
3384.440912	1.470758	0.926473	4879.801270
3384.441797	1.431885	0.926473	6147.019531
3384.442731	1.392938	0.926473	7448.023926
3384.443810	1.350729	0.926473	8905.459961
3384.444738	0.755585	0.926473	9606.642578
3384.445602	0.103898	0.926473	9696.410156
3384.446633	0.094951	0.926473	9794.304687
3384.447661	0.094893	0.926473	9891.854492
3384.448549	0.094962	0.926473	9976.180664
3384.449524	0.094955	0.926473	10068.761719
3384.450576	0.094907	0.926473	10168.604492
3384.451505	0.094856	0.926473	10256.725586
3384.452366	0.094907	0.926473	10338.440430
3384.453458	0.094955	0.926473	10442.130859
3384.454444	0.094874	0.926473	10535.676758
3385.482431	1.031122	0.942639	439.257843
3385.483451	1.527572	0.942639	1997.381348
3385.484430	1.511788	0.942639	3477.422119
3385.485363	1.471051	0.942639	4849.912598
3385.486232	1.432046	0.942639	6094.360352
3385.487334	1.388881	0.942639	7624.906738
3385.488224	1.353179	0.942639	8829.235352
3385.489095	0.921617	0.942639	9631.963867
3385.490141	0.105410	0.942639	9742.222656
3385.491088	0.094823	0.942639	9832.020508
3385.492011	0.094907	0.942639	9919.620117
3385.492868	0.094955	0.942639	10000.996094
3385.493973	0.094929	0.942639	10105.892578
3385.494856	0.094885	0.942639	10189.675781
3385.495736	0.094911	0.942639	10273.197266
3385.496734	0.094966	0.942639	10367.973633
3385.497736	0.094900	0.942639	10463.063477
3385.498632	0.094937	0.942639	10548.126953
3386.467340	1.101962	1.013509	545.471069
3386.468231	1.528184	1.013509	1907.082642
3386.469109	1.518201	1.013509	3240.062744
3386.470036	1.477929	1.013509	4610.102539
3386.471049	1.434686	1.013509	6063.439941
3386.471977	1.396245	1.013509	7359.155273
3386.472840	1.361180	1.013509	8533.853516
3386.473938	0.913337	1.013509	9536.698242
3386.474815	0.115463	1.013509	9637.958984
3386.475679	0.094775	1.013509	9719.844727
3386.476549	0.094852	1.013509	9802.366211
3386.477606	0.094863	1.013509	9902.636719
3386.478504	0.094885	1.013509	9987.843750
3386.479388	0.094933	1.013509	10071.764648
3386.480366	0.094834	1.013509	10164.512695
3386.481304	0.094805	1.013509	10253.439453
3386.482228	0.094867	1.013509	10341.096680
3386.483091	0.094856	1.013509	10422.957031
3387.505131	1.092810	0.993742	514.713501
3387.506016	1.527100	0.993742	1866.196655
3387.507037	1.514941	0.993742	3412.951660
3387.507942	1.473940	0.993742	4746.867676
3387.508852	1.434716	0.993742	6052.458984
3387.509730	1.396912	0.993742	7278.947266
3387.510773	1.356581	0.993742	8693.861328
3387.511676	0.997859	0.993742	9594.927734
3387.512553	0.127321	0.993742	9706.587891
3387.513532	0.094849	0.993742	9799.444336
3387.514468	0.094878	0.993742	9888.250000
3387.515381	0.094896	0.993742	9974.890625
3387.516245	0.094849	0.993742	10056.839844
3387.517266	0.094827	0.993742	10153.658203
3387.518147	0.094867	0.993742	10237.236328
3387.519016	0.094896	0.993742	10319.701172
3387.519943	0.094871	0.993742	10407.646484
3387.520946	0.094871	0.993742	10502.801758
3388.498616	1.024263	1.070409	431.214569
3388.499603	1.523199	1.070409	1934.612427
3388.500626	1.511327	1.070409	3480.699707
3388.501523	1.471736	1.070409	4800.846680
3388.502406	1.434071	1.070409	6067.131348
3388.503390	1.393729	1.070409	7438.561035
3388.504342	1.355153	1.070409	8728.666016
3388.505278	0.929557	1.070409	9598.731445
3388.506141	0.118191	1.070409	9700.730469
3388.507191	0.094911	1.070409	9800.386719
3388.508069	0.094878	1.070409	9883.689453
3388.508950	0.094834	1.070409	9967.238281
3388.509915	0.094929	1.070409	10058.844727
3388.510889	0.094871	1.070409	10151.249023
3388.511789	0.094838	1.070409	10236.602539
3388.512669	0.094904	1.070409	10320.117187
3388.513710	0.094885	1.070409	10418.892578
3388.514600	0.094885	1.070409	10503.340820
3389.526561	1.117980	0.939154	571.287659
3389.527501	1.531633	0.939154	2011.022949
3389.528383	1.515710	0.939154	3347.879639
3389.529325	1.474402	0.939154	4736.766113
3389.530381	1.429406	0.939154	6246.218262
3389.531276	1.392004	0.939154	7492.062012
3389.532142	1.357167	0.939154	8667.368164
3389.533213	0.804822	0.939154	9529.332031
3389.534157	0.102187	0.939154	9625.796875
3389.535033	0.094779	0.939154	9708.823242
3389.535963	0.094969	0.939154	9797.144531
3389.537011	0.094845	0.939154	9896.541992
3389.537891	0.094896	0.939154	9980.050781
3389.538748	0.094929	0.939154	10061.405273
3389.539770	0.094940	0.939154	10158.434570
3389.540735	0.094860	0.939154	10249.973633
3389.541607	0.094929	0.939154	10332.751953
3389.542485	0.094973	0.939154	10416.138672
3390.533853	1.061334	0.987035	469.109680
3390.534736	1.524924	0.987035	1815.617920
3390.535610	1.520724	0.987035	3144.730469
3390.536613	1.477841	0.987035	4627.004395
3390.537548	1.436360	0.987035	5970.000977
3390.538470	1.398369	0.987035	7259.297363
3390.539351	1.362404	0.987035	8459.575195
3390.540396	1.032422	0.987035	9538.456055
3390.541290	0.130847	0.987035	9655.433594
3390.542165	0.094790	0.987035	9738.375000
3390.543139	0.094915	0.987035	9830.821289
3390.544095	0.094893	0.987035	9921.539062
3390.545015	0.094882	0.987035	10008.830078
3390.545880	0.094904	0.987035	10090.921875
3390.546922	0.094915	0.987035	10189.823242
3390.547790	0.094830	0.987035	10272.135742
3390.548662	0.094834	0.987035	10354.831055
3390.549566	0.094984	0.987035	10440.696289
3391.546304	1.033337	0.980682	440.201752
3391.547222	1.522951	0.980682	1838.270386
3391.548149	1.517560	0.980682	3245.048340
3391.549076	1.477837	0.980682	4615.002930
3391.549957	1.439766	0.980682	5883.436523
3391.550899	1.400559	0.980682	7202.763184
3391.551860	1.362374	0.980682	8512.004883
3391.552784	1.130343	0.980682	9556.441406
3391.553646	0.165853	0.980682	9699.407227
3391.554603	0.094786	0.980682	9790.118164
3391.555548	0.094863	0.980682	9879.763672
3391.556447	0.094819	0.980682	9965.005859
3391.557308	0.094896	0.980682	10046.711914
3391.558275	0.094885	0.980682	10138.465820
3391.559225	0.094874	0.980682	10228.596680
3391.560120	0.094882	0.980682	10313.515625
3391.561036	0.094893	0.980682	10400.437500
3391.561998	0.094980	0.980682	10491.808594
3392.569041	1.054435	0.930771	463.951294
3392.569907	1.524038	0.930771	1783.768311
3392.570896	1.517604	0.930771	3284.678467
3392.571842	1.476526	0.930771	4681.471680
3392.572718	1.437931	0.930771	5941.099121
3392.573636	1.399893	0.930771	7226.200195
3392.574596	1.361627	0.930771	8533.362305
3392.575535	1.084006	0.930771	9551.244141
3392.576423	0.146444	0.930771	9681.286133
3392.577357	0.094720	0.930771	9769.754883
3392.578294	0.094900	0.930771	9858.675781
3392.579213	0.094871	0.930771	9945.862305
3392.580074	0.094827	0.930771	10027.507812
3392.581044	0.094764	0.930771	10119.429687
3392.581987	0.094867	0.930771	10208.889648
3392.582878	0.094896	0.930771	10293.442383
3392.583782	0.094955	0.930771	10379.281250
3392.584719	0.094874	0.930771	10468.178711
3393.567174	1.033429	1.010737	448.508148
3393.568037	1.522767	1.010737	1762.656372
3393.569092	1.514846	1.010737	3360.819092
3393.570102	1.470886	1.010737	4846.414062
3393.570998	1.432218	1.010737	6129.681641
3393.571971	1.392444	1.010737	7484.529297
3393.573010	1.351271	1.010737	8888.500000
3393.573939	0.776880	1.010737	9610.221680
3393.574795	0.105125	1.010737	9700.208008
3393.575880	0.094958	1.010737	9803.238281
3393.576875	0.094823	1.010737	9897.586914
3393.577751	0.094969	1.010737	9980.780273
3393.578748	0.094933	1.010737	10075.428711
3393.579792	0.094940	1.010737	10174.545898
3393.580676	0.094944	1.010737	10258.476562
3393.581545	0.094951	1.010737	10340.989258
3393.582628	0.094874	1.010737	10443.738281
3393.583607	0.094918	1.010737	10536.663086
3394.605058	1.116625	0.865718	538.213135
3394.605952	1.528773	0.865718	1904.936401
3394.606815	1.518644	0.865718	3215.525879
3394.607811	1.476365	0.865718	4685.985352
3394.608742	1.435704	0.865718	6022.625977
3394.609643	1.398204	0.865718	7282.408203
3394.610564	1.361851	0.865718	8536.672852
3394.611523	1.066696	0.865718	9559.633789
3394.612462	0.131569	0.865718	9683.176758
3394.613337	0.094838	0.865718	9766.160156
3394.614288	0.094889	0.865718	9856.399414
3394.615243	0.094900	0.865718	9947.029297
3394.616171	0.094797	0.865718	10035.000977
3394.617035	0.094860	0.865718	10116.959961
3394.618000	0.094860	0.865718	10208.499023
3394.618949	0.094871	0.865718	10298.531250
3394.619821	0.094907	0.865718	10381.290039
3394.620693	0.094926	0.865718	10464.065430
3395.591645	1.056442	1.019205	476.455200
3395.592525	1.525096	1.019205	1818.540039
3395.593462	1.518486	1.019205	3241.361816
3395.594415	1.476833	1.019205	4648.784180
3395.595347	1.436188	1.019205	5987.311035
3395.596231	1.399321	1.019205	7224.311035
3395.597142	1.362034	1.019205	8465.124023
3395.598110	1.085171	1.019205	9515.569336
3395.599035	0.142247	1.019205	9647.148437
3395.599894	0.094845	1.019205	9728.620117
3395.600866	0.094852	1.019205	9820.816406
3395.601819	0.094834	1.019205	9911.193359
3395.602712	0.094827	1.019205	9995.874023
3395.603638	0.094882	1.019205	10083.734375
3395.604552	0.094907	1.019205	10170.479492
3395.605466	0.094907	1.019205	10257.224609
3395.606342	0.094874	1.019205	10340.333984
3395.607306	0.094915	1.019205	10431.832031
3396.634366	1.077209	0.901884	515.983337
3396.635291	1.529612	0.901884	1930.874268
3396.636183	1.517168	0.901884	3284.187988
3396.637113	1.477511	0.901884	4658.273437
3396.638048	1.435261	0.901884	6000.242676
3396.639006	1.396494	0.901884	7338.083984
3396.639900	1.360708	0.901884	8554.556641
3396.640838	1.051447	0.901884	9540.813477
3396.641803	0.132001	0.901884	9668.194336
3396.642727	0.094852	0.901884	9755.837891
3396.643585	0.094878	0.901884	9837.243164
3396.644531	0.094841	0.901884	9926.962891
3396.645468	0.094871	0.901884	10015.856445
3396.646377	0.094860	0.901884	10102.083984
3396.647239	0.094823	0.901884	10183.821289
3396.648205	0.094838	0.901884	10275.434570
3396.649157	0.094900	0.901884	10365.779297
3396.650051	0.094911	0.901884	10450.629883
3397.617664	1.115739	1.071762	537.785950
3397.618589	1.529019	1.071762	1952.128174
3397.619474	1.517347	1.071762	3294.980713
3397.620423	1.476178	1.071762	4695.873535
3397.621386	1.434554	1.071762	6077.349609
3397.622312	1.396161	1.071762	7370.194336
3397.623182	1.360745	1.071762	8554.041992
3397.624135	1.056735	1.071762	9561.110352
3397.625085	0.128822	1.071762	9683.491211
3397.625961	0.094816	1.071762	9766.549805
3397.626874	0.094922	1.071762	9853.213867
3397.627834	0.094911	1.071762	9944.328125
3397.628749	0.094929	1.071762	10031.188477
3397.629606	0.094856	1.071762	10112.480469
3397.630577	0.094885	1.071762	10204.614258
3397.631524	0.094871	1.071762	10294.457031
3397.632416	0.094827	1.071762	10379.041992
3397.633294	0.094852	1.071762	10462.322266
3398.663678	1.107393	0.882117	540.407593
3398.664630	1.529971	0.882117	1996.939819
3398.665559	1.514711	0.882117	3404.105957
3398.666424	1.475511	0.882117	4680.423340
3398.667387	1.434547	0.882117	6061.892578
3398.668353	1.394835	0.882117	7409.303223
3398.669253	1.359023	0.882117	8632.423828
3398.670175	1.039702	0.882117	9591.029297
3398.671120	0.123098	0.882117	9707.357422
3398.672059	0.094786	0.882117	9796.362305
3398.672951	0.094805	0.882117	9880.927734
3398.673880	0.094904	0.882117	9969.092773
3398.674828	0.094966	0.882117	10059.120117
3398.675758	0.094918	0.882117	10147.394531
3398.676620	0.094933	0.882117	10229.226562
3398.677555	0.094896	0.882117	10317.954102
3398.678487	0.094849	0.882117	10406.353516
3398.679380	0.094915	0.882117	10491.112305
3399.646714	1.087064	1.081293	525.052002
3399.647651	1.529297	1.081293	1958.003174
3399.648589	1.514817	1.081293	3378.901367
3399.649461	1.475881	1.081293	4665.870117
3399.650423	1.435422	1.081293	6046.746094
3399.651375	1.395989	1.081293	7375.727539
3399.652263	1.359869	1.081293	8583.291016
3399.653141	1.065388	1.081293	9518.702148
3399.654120	0.135839	1.081293	9651.688477
3399.655066	0.094772	1.081293	9741.342773
3399.655955	0.094962	1.081293	9825.763672
3399.656881	0.094852	1.081293	9913.596680
3399.657825	0.094878	1.081293	10003.161133
3399.658745	0.094772	1.081293	10090.351562
3399.659633	0.094900	1.081293	10174.623047
3399.660571	0.094838	1.081293	10263.581055
3399.661524	0.094841	1.081293	10353.964844
3399.662400	0.094849	1.081293	10437.052734
3400.688941	1.123751	0.929023	603.454346
3400.689884	1.532227	0.929023	2048.343994
3400.690817	1.512554	0.929023	3459.556641
3400.691683	1.473325	0.929023	4735.456055
3400.692723	1.430156	0.929023	6222.818359
3400.693602	1.393015	0.929023	7447.278809
3400.694479	1.358456	0.929023	8638.644531
3400.695447	0.930516	0.929023	9539.384766
3400.696399	0.111837	0.929023	9645.853516
3400.697313	0.094819	0.929023	9732.518555
3400.698191	0.094863	0.929023	9815.808594
3400.699209	0.094878	0.929023	9912.394531
3400.700104	0.094856	0.929023	9997.291016
3400.701023	0.094878	0.929023	10084.483398
3400.701887	0.094900	0.929023	10166.476562
3400.702881	0.094794	0.929023	10260.701172
3400.703822	0.094830	0.929023	10349.936523
3400.704708	0.094896	0.929023	10434.014648
3401.674709	1.058027	1.134209	467.648041
3401.675580	1.523767	1.134209	1794.849243
3401.676556	1.517150	1.134209	3275.587402
3401.677482	1.477057	1.134209	4643.341797
3401.678364	1.438462	1.134209	5912.065430
3401.679279	1.400497	1.134209	7193.520020
3401.680238	1.361931	1.134209	8499.612305
3401.681177	1.110707	1.134209	9542.566406
3401.682055	0.157046	1.134209	9680.453125
3401.683015	0.094753	1.134209	9771.416016
3401.683969	0.094918	1.134209	9861.967773
3401.684894	0.094955	1.134209	9949.800781
3401.685755	0.094841	1.134209	10031.458984
3401.686730	0.094944	1.134209	10124.029297
3401.687677	0.094893	1.134209	10213.892578
3401.688569	0.094885	1.134209	10298.530273
3401.689482	0.094871	1.134209	10385.147461
3401.690399	0.094889	1.134209	10472.160156
3402.714401	1.095150	0.901852	578.239258
3402.715454	1.532728	0.901852	2192.202148
3402.716368	1.508994	0.901852	3571.422852
3402.717243	1.468894	0.901852	4856.705078
3402.718331	1.423901	0.901852	6405.909668
3402.719323	1.382728	0.901852	7777.576172
3402.720227	1.347865	0.901852	8996.045898
3402.721227	0.583550	0.901852	9579.595703
3402.722284	0.095801	0.901852	9680.857422
3402.723172	0.094893	0.901852	9765.122070
3402.724043	0.094922	0.901852	9847.798828
3402.725162	0.094962	0.901852	9954.061523
3402.726114	0.094896	0.901852	10044.402344
3402.726981	0.094871	0.901852	10126.655273
3402.728004	0.095010	0.901852	10223.850586
3402.729035	0.094922	0.901852	10321.714844
3402.729924	0.094878	0.901852	10406.061523
3402.730839	0.094885	0.901852	10492.881836
3403.706052	1.030470	1.088919	445.162994
3403.706915	1.522654	1.088919	1759.213135
3403.707940	1.515626	1.088919	3312.729980
3403.708983	1.470663	1.088919	4846.631348
3403.709882	1.431617	1.088919	6133.655273
3403.710826	1.392850	1.088919	7448.505859
3403.711894	1.350568	1.088919	8890.912109
3403.712845	0.736967	1.088919	9591.767578
3403.713708	0.102733	1.088919	9680.426758
3403.714764	0.094929	1.088919	9780.671875
3403.715755	0.094966	1.088919	9874.783203
3403.716649	0.094973	1.088919	9959.689453
3403.717603	0.095054	1.088919	10050.371094
3403.718635	0.094955	1.088919	10148.364258
3403.719556	0.094926	1.088919	10235.791016
3403.720413	0.094995	1.088919	10317.202148
3403.721490	0.094984	1.088919	10419.500000
3403.722504	0.094929	1.088919	10515.757812
3404.737607	1.127846	0.917663	637.232727
3404.738659	1.533076	0.917663	2250.028809
3404.739564	1.507939	0.917663	3614.713867
3404.740428	1.468059	0.917663	4883.117187
3404.741533	1.422946	0.917663	6455.472168
3404.742516	1.382336	0.917663	7814.308594
3404.743383	1.348041	0.917663	8983.059570
3404.744396	0.583594	0.917663	9574.240234
3404.745455	0.095903	0.917663	9675.801758
3404.746343	0.094907	0.917663	9760.079102
3404.747234	0.094904	0.917663	9844.637695
3404.748330	0.094973	0.917663	9948.728516
3404.749293	0.094889	0.917663	10040.106445
3404.750164	0.094893	0.917663	10122.757812
3404.751180	0.094900	0.917663	10219.175781
3404.752212	0.094863	0.917663	10317.074219
3404.753106	0.094904	0.917663	10401.917969
3404.754028	0.094948	0.917663	10489.459961
3405.738523	1.108037	1.042215	562.882874
3405.739429	1.529857	1.042215	1948.933350
3405.740306	1.517025	1.042215	3279.364258
3405.741323	1.473603	1.042215	4778.019043
3405.742330	1.429530	1.042215	6217.555664
3405.743208	1.392568	1.042215	7440.230469
3405.744091	1.357892	1.042215	8639.249023
3405.745087	0.906563	1.042215	9542.185547
3405.746019	0.110167	1.042215	9644.861328
3405.746942	0.094860	1.042215	9732.416992
3405.747803	0.094893	1.042215	9814.119141
3405.748839	0.094856	1.042215	9912.389648
3405.749731	0.094926	1.042215	9997.063477
3405.750605	0.094922	1.042215	10080.025391
3405.751574	0.094922	1.042215	10172.004883
3405.752542	0.094882	1.042215	10263.850586
3405.753459	0.094948	1.042215	10350.916992
3405.754321	0.094911	1.042215	10432.730469
3406.759121	1.050498	0.901203	461.168640
3406.760006	1.525144	0.901203	1810.921143
3406.760877	1.520680	0.901203	3135.433350
3406.761928	1.476134	0.901203	4686.850098
3406.762830	1.436865	0.901203	5982.902344
3406.763715	1.399790	0.901203	7221.716797
3406.764604	1.363257	0.901203	8433.652344
3406.765638	1.059628	0.901203	9529.307617
3406.766523	0.141555	0.901203	9654.583984
3406.767393	0.094834	0.901203	9737.089844
3406.768405	0.094962	0.901203	9833.191406
3406.769295	0.094878	0.901203	9917.632812
3406.770202	0.094845	0.901203	10003.657227
3406.771097	0.094944	0.901203	10088.631836
3406.772034	0.094922	0.901203	10177.573242
3406.772974	0.094900	0.901203	10266.779297
3406.773866	0.094933	0.901203	10351.458984
3406.774735	0.094878	0.901203	10433.908203
3407.772640	1.072892	0.907934	476.363983
3407.773518	1.525642	0.907934	1815.877808
3407.774394	1.520819	0.907934	3148.115234
3407.775375	1.479089	0.907934	4599.102051
3407.776304	1.438242	0.907934	5935.229004
3407.777210	1.400314	0.907934	7203.913086
3407.778088	1.364696	0.907934	8402.116211
3407.779059	1.145391	0.907934	9514.291016
3407.779993	0.156610	0.907934	9660.564453
3407.780879	0.094746	0.907934	9744.509766
3407.781767	0.094849	0.907934	9828.735352
3407.782702	0.094841	0.907934	9917.412109
3407.783651	0.094819	0.907934	10007.395508
3407.784546	0.094867	0.907934	10092.301758
3407.785478	0.094794	0.907934	10180.649414
3407.786429	0.094900	0.907934	10270.899414
3407.787362	0.094977	0.907934	10359.512695
3407.788223	0.094871	0.907934	10441.196289
3408.779992	1.073053	0.920189	480.727753
3408.780882	1.526426	0.920189	1839.246704
3408.781764	1.519911	0.920189	3179.808105
3408.782677	1.479965	0.920189	4531.015625
3408.783653	1.438381	0.920189	5934.875977
3408.784586	1.399296	0.920189	7240.418945
3408.785463	1.363777	0.920189	8436.451172
3408.786441	1.125817	0.920189	9537.500000
3408.787392	0.152933	0.920189	9682.939453
3408.788287	0.094764	0.920189	9767.753906
3408.789216	0.094841	0.920189	9855.861328
3408.790117	0.094845	0.920189	9941.316406
3408.791040	0.094863	0.920189	10028.875000
3408.791911	0.094845	0.920189	10111.485352
3408.792876	0.094816	0.920189	10202.982422
3408.793817	0.094845	0.920189	10292.231445
3408.794707	0.094838	0.920189	10376.636719
3408.795615	0.094845	0.920189	10462.755859
3409.807572	1.060302	0.859707	471.834198
3409.808437	1.524661	0.859707	1790.665649
3409.809419	1.517783	0.859707	3281.128662
3409.810348	1.477068	0.859707	4653.324707
3409.811280	1.437144	0.859707	5992.742676
3409.812152	1.400046	0.859707	7213.583008
3409.813096	1.362422	0.859707	8499.708984
3409.814037	1.087119	0.859707	9522.688477
3409.814937	0.149821	0.859707	9657.527344
3409.815920	0.094797	0.859707	9750.712891
3409.816872	0.094871	0.859707	9841.029297
3409.817797	0.094841	0.859707	9928.757812
3409.818658	0.094863	0.859707	10010.435547
3409.819624	0.094801	0.859707	10102.013672
3409.820576	0.094871	0.859707	10192.330078
3409.821475	0.094786	0.859707	10277.542969
3409.822396	0.094878	0.859707	10364.925781
3409.823337	0.094827	0.859707	10454.157227
3410.801090	1.033528	0.975405	442.349915
3410.802000	1.522914	0.975405	1828.201416
3410.802941	1.516626	0.975405	3255.346436
3410.803906	1.475295	0.975405	4679.006348
3410.804806	1.436873	0.975405	5972.191406
3410.805729	1.398190	0.975405	7262.720703
3410.806694	1.360129	0.975405	8575.245117
3410.807620	1.072584	0.975405	9568.458008
3410.808499	0.142328	0.975405	9693.564453
3410.809456	0.094735	0.975405	9784.225586
3410.810392	0.094860	0.975405	9873.014648
3410.811270	0.094918	0.975405	9956.352539
3410.812339	0.094812	0.975405	10057.707031
3410.813282	0.094867	0.975405	10147.166992
3410.814210	0.094885	0.975405	10235.220703
3410.815067	0.094841	0.975405	10316.500000
3410.816005	0.094907	0.975405	10405.523437
3410.816961	0.094907	0.975405	10496.254883
3411.838186	1.050117	0.849874	494.605225
3411.839132	1.529941	0.849874	1941.929810
3411.840035	1.515787	0.849874	3310.685547
3411.840930	1.476995	0.849874	4632.595703
3411.841853	1.436404	0.849874	5958.396484
3411.842827	1.396351	0.849874	7318.442383
3411.843757	1.359694	0.849874	8582.957031
3411.844623	1.093103	0.849874	9529.583984
3411.845608	0.135590	0.849874	9663.139648
3411.846558	0.094775	0.849874	9753.175781
3411.847449	0.094915	0.849874	9837.745117
3411.848364	0.094889	0.849874	9924.568359
3411.849281	0.094860	0.849874	10011.554687
3411.850229	0.094922	0.849874	10101.541016
3411.851102	0.094918	0.849874	10184.404297
3411.852015	0.094797	0.849874	10270.954102
3411.852950	0.094904	0.849874	10359.688477
3411.853876	0.094896	0.849874	10447.562500
3412.828599	1.023065	1.034871	431.733521
3412.829520	1.523163	1.034871	1834.566528
3412.830481	1.516776	1.034871	3292.188477
3412.831407	1.476786	1.034871	4659.692383
3412.832276	1.438521	1.034871	5909.766602
3412.833252	1.399098	1.034871	7275.286133
3412.834194	1.360660	1.034871	8557.028320
3412.835112	1.098340	1.034871	9565.304687
3412.835976	0.153809	1.034871	9698.195312
3412.837095	0.094889	1.034871	9804.375977
3412.838111	0.094944	1.034871	9900.838867
3412.838986	0.094904	1.034871	9983.879883
3412.839942	0.094929	1.034871	10074.631836
3412.841003	0.094955	1.034871	10175.378906
3412.841922	0.094948	1.034871	10262.635742
3412.842791	0.094911	1.034871	10345.113281
3412.843840	0.095039	1.034871	10444.809570
3412.844847	0.094871	1.034871	10540.344727
3413.863415	1.073994	0.852509	504.777191
3413.864310	1.527480	0.852509	1871.872314
3413.865174	1.519270	0.852509	3184.521484
3413.866149	1.478214	0.852509	4625.780273
3413.867086	1.437122	0.852509	5972.363281
3413.867982	1.399318	0.852509	7226.151855
3413.868902	1.363319	0.852509	8480.405273
3413.869836	1.097245	0.852509	9505.232422
3413.870796	0.141383	0.852509	9640.959961
3413.871685	0.094830	0.852509	9725.263672
3413.872600	0.094786	0.852509	9811.993164
3413.873567	0.094841	0.852509	9903.705078
3413.874489	0.094948	0.852509	9991.247070
3413.875354	0.094944	0.852509	10073.373047
3413.876320	0.094896	0.852509	10165.042969
3413.877241	0.094882	0.852509	10252.428711
3413.878141	0.094915	0.852509	10337.851562
3413.879023	0.094889	0.852509	10421.543945
3414.859468	1.036432	1.046755	450.847870
3414.860346	1.524368	1.046755	1789.242676
3414.861237	1.520116	1.046755	3143.666016
3414.862189	1.479023	1.046755	4551.696289
3414.863135	1.438455	1.046755	5912.474609
3414.864024	1.401559	1.046755	7158.460449
3414.864959	1.364176	1.046755	8433.964844
3414.865895	1.130673	1.046755	9492.274414
3414.866835	0.156984	1.046755	9639.838867
3414.867709	0.094691	1.046755	9722.598633
3414.868656	0.094962	1.046755	9812.527344
3414.869590	0.094962	1.046755	9901.221680
3414.870494	0.094915	1.046755	9987.024414
3414.871357	0.094893	1.046755	10068.916992
3414.872349	0.094948	1.046755	10163.104492
3414.873295	0.094951	1.046755	10252.928711
3414.874193	0.094874	1.046755	10338.125977
3414.875118	0.094918	1.046755	10425.925781
3415.885798	1.061272	0.793808	491.368958
3415.886691	1.527781	0.793808	1855.677246
3415.887635	1.518131	0.793808	3288.792969
3415.888568	1.476255	0.793808	4666.138672
3415.889471	1.437319	0.793808	5964.038086
3415.890335	1.399387	0.793808	7173.108398
3415.891396	1.358917	0.793808	8614.919922
3415.892280	1.073221	0.793808	9563.647461
3415.893156	0.147312	0.793808	9692.692383
3415.894171	0.094882	0.793808	9788.997070
3415.895073	0.094889	0.793808	9874.586914
3415.895969	0.094863	0.793808	9959.583984
3415.896853	0.094885	0.793808	10043.462891
3415.897810	0.094904	0.793808	10134.285156
3415.898728	0.094856	0.793808	10221.363281
3415.899644	0.094863	0.793808	10308.257812
3415.900515	0.094878	0.793808	10390.896484
3415.901480	0.094871	0.793808	10482.446289
3416.892107	1.047719	0.990177	458.900726
3416.892968	1.523152	0.990177	1770.334473
3416.894081	1.512850	0.990177	3454.136719
3416.894980	1.472666	0.990177	4778.063477
3416.895858	1.434829	0.990177	6037.843262
3416.896861	1.393641	0.990177	7435.665527
3416.897860	1.353343	0.990177	8787.655273
3416.898761	0.913729	0.990177	9610.925781
3416.899625	0.115854	0.990177	9711.024414
3416.900732	0.094827	0.990177	9815.997070
3416.901643	0.094849	0.990177	9902.404297
3416.902518	0.094856	0.990177	9985.403320
3416.903491	0.094951	0.990177	10077.791016
3416.904491	0.094849	0.990177	10172.639648
3416.905381	0.094830	0.990177	10257.039062
3416.906241	0.094827	0.990177	10338.589844
3416.907315	0.094849	0.990177	10440.457031
3416.908228	0.094812	0.990177	10527.020508
3417.904348	1.069720	0.815976	488.862213
3417.905230	1.526565	0.815976	1835.292480
3417.906210	1.516674	0.815976	3321.632568
3417.907266	1.470721	0.815976	4874.714355
3417.908181	1.431035	0.815976	6184.111328
3417.909047	1.393938	0.815976	7391.261719
3417.910126	1.352534	0.815976	8850.646484
3417.911134	0.706121	0.815976	9562.416016
3417.912017	0.101082	0.815976	9651.670898
3417.913024	0.094790	0.815976	9747.124023
3417.914072	0.094966	0.815976	9846.648437
3417.914968	0.094860	0.815976	9931.642578
3417.915826	0.094874	0.815976	10013.044922
3417.916931	0.094911	0.815976	10117.921875
3417.917886	0.094812	0.815976	10208.467773
3417.918750	0.094911	0.815976	10290.470703
3417.919797	0.094973	0.815976	10389.907227
3417.920860	0.094893	0.815976	10490.778320
3418.928829	1.028203	0.810856	436.986328
3418.929796	1.523273	0.810856	1909.990967
3418.930824	1.512774	0.810856	3465.122070
3418.931709	1.473138	0.810856	4768.849609
3418.932581	1.435063	0.810856	6020.225098
3418.933629	1.391880	0.810856	7478.915039
3418.934585	1.354237	0.810856	8773.565430
3418.935475	0.943275	0.810856	9613.080078
3418.936436	0.118535	0.810856	9726.992187
3418.937475	0.094915	0.810856	9825.608398
3418.938361	0.094896	0.810856	9909.686523
3418.939221	0.094937	0.810856	9991.332031
3418.940271	0.094962	0.810856	10091.041992
3418.941216	0.094849	0.810856	10180.673828
3418.942093	0.094991	0.810856	10263.981445
3418.943015	0.094904	0.810856	10351.482422
3418.944073	0.094926	0.810856	10451.914062
3418.944958	0.094856	0.810856	10535.861328
3419.921852	1.028518	0.882600	434.034637
3419.922868	1.526228	0.882600	1984.682251
3419.923921	1.509884	0.882600	3574.590088
3419.924813	1.469711	0.882600	4885.571777
3419.925696	1.430933	0.882600	6149.085449
3419.926786	1.387017	0.882600	7660.933594
3419.927745	1.349370	0.882600	8954.979492
3419.928613	0.794041	0.882600	9644.207031
3419.929632	0.100620	0.882600	9746.739258
3419.930687	0.094885	0.882600	9846.842773
3419.931562	0.094889	0.882600	9929.870117
3419.932494	0.094863	0.882600	10018.282227
3419.933555	0.094900	0.882600	10118.970703
3419.934496	0.094801	0.882600	10208.178711
3419.935363	0.094904	0.882600	10290.459961
3419.936422	0.094940	0.882600	10391.001953
3419.937432	0.094889	0.882600	10486.839844
3419.938325	0.094838	0.882600	10571.530273
3420.964299	1.036399	0.717971	453.942780
3420.965168	1.524569	0.717971	1778.793335
3420.966202	1.515751	0.717971	3346.079590
3420.967235	1.470835	0.717971	4865.452148
3420.968124	1.432485	0.717971	6138.931641
3420.968989	1.395765	0.717971	7346.268555
3420.970045	1.354563	0.717971	8776.687500
3420.971000	0.856765	0.717971	9594.898437
3420.971871	0.109501	0.717971	9690.273437
3420.972771	0.094911	0.717971	9775.693359
3420.973866	0.094958	0.717971	9879.672852
3420.974750	0.094966	0.717971	9963.623047
3420.975619	0.094958	0.717971	10046.141602
3420.976632	0.094955	0.717971	10142.331055
3420.977599	0.094907	0.717971	10234.106445
3420.978473	0.094893	0.717971	10317.042969
3420.979350	0.094980	0.717971	10400.340820
3420.980441	0.094907	0.717971	10503.884766
3421.943552	1.087222	0.978913	533.825806
3421.944456	1.528956	0.978913	1916.002319
3421.945323	1.516641	0.978913	3230.929687
3421.946414	1.470366	0.978913	4835.099121
3421.947420	1.427109	0.978913	6270.770996
3421.948316	1.390459	0.978913	7516.622070
3421.949317	1.351425	0.978913	8869.398437
3421.950378	0.637723	0.978913	9546.023437
3421.951269	0.097976	0.978913	9633.320312
3421.952161	0.094816	0.978913	9717.895508
3421.953246	0.094904	0.978913	9820.866211
3421.954198	0.094797	0.978913	9911.113281
3421.955063	0.094845	0.978913	9993.154297
3421.956096	0.094885	0.978913	10091.170898
3421.957124	0.094860	0.978913	10188.686523
3421.958010	0.094889	0.978913	10272.757812
3421.958919	0.094911	0.978913	10359.032227
3421.960000	0.094966	0.978913	10461.690430
3422.992058	1.029272	0.713935	436.411499
3422.993107	1.529593	0.713935	2040.955078
3422.994074	1.511964	0.713935	3503.024414
3422.994950	1.472856	0.713935	4793.246582
3422.995837	1.433386	0.713935	6064.660156
3422.996933	1.390316	0.713935	7588.446777
3422.997812	1.354534	0.713935	8779.082031
3422.998700	0.948618	0.713935	9621.455078
3422.999583	0.120355	0.713935	9727.728516
3423.000630	0.094735	0.713935	9826.916016
3423.001520	0.094830	0.713935	9911.315430
3423.002400	0.094845	0.713935	9994.779297
3423.003392	0.094874	0.713935	10088.894531
3423.004332	0.094882	0.713935	10178.083008
3423.005254	0.094816	0.713935	10265.502930
3423.006117	0.094900	0.713935	10347.401367
3423.007162	0.094907	0.713935	10446.579102
3423.008042	0.094827	0.713935	10530.026367
3423.972547	1.039307	0.974136	448.980469
3423.973413	1.522855	0.974136	1767.773071
3423.974389	1.517479	0.974136	3248.832764
3423.975339	1.476749	0.974136	4651.744629
3423.976233	1.437616	0.974136	5936.973145
3423.977152	1.400277	0.974136	7223.827637
3423.978074	1.362177	0.974136	8479.753906
3423.979033	1.104587	0.974136	9539.052734
3423.979930	0.153933	0.974136	9677.130859
3423.980875	0.094845	0.974136	9766.759766
3423.981822	0.094988	0.974136	9856.712891
3423.982746	0.094922	0.974136	9944.420898
3423.983607	0.094904	0.974136	10026.132812
3423.984537	0.094904	0.974136	10114.393555
3423.985477	0.094933	0.974136	10203.630859
3423.986394	0.095006	0.974136	10290.750977
3423.987254	0.094933	0.974136	10372.393555
3423.988225	0.094900	0.974136	10464.541016
3425.014478	1.049498	0.708243	459.680267
3425.015407	1.528033	0.708243	1879.223389
3425.016277	1.518922	0.708243	3200.685547
3425.017292	1.475625	0.708243	4698.444824
3425.018223	1.435616	0.708243	6035.003906
3425.019113	1.398354	0.708243	7279.539062
3425.020033	1.362426	0.708243	8532.970703
3425.020969	1.073540	0.708243	9537.803711
3425.021918	0.139402	0.708243	9670.095703
3425.022792	0.094834	0.708243	9752.980469
3425.023710	0.094929	0.708243	9840.125000
3425.024666	0.094889	0.708243	9930.838867
3425.025597	0.094929	0.708243	10019.217773
3425.026474	0.094948	0.708243	10102.486328
3425.027439	0.094871	0.708243	10194.036133
3425.028356	0.094889	0.708243	10281.048828
3425.029280	0.094969	0.708243	10368.800781
3425.030141	0.094911	0.708243	10450.519531
3426.005967	1.049938	0.949978	460.922668
3426.006845	1.524668	0.949978	1799.581055
3426.007785	1.518710	0.949978	3227.167969
3426.008723	1.477342	0.949978	4612.915039
3426.009658	1.437191	0.949978	5956.688965
3426.010535	1.400537	0.949978	7184.959961
3426.011491	1.363224	0.949978	8488.202148
3426.012420	1.102738	0.949978	9512.645508
3426.013357	0.143232	0.949978	9646.854492
3426.014219	0.094845	0.949978	9728.611328
3426.015199	0.094988	0.949978	9821.699219
3426.016145	0.094958	0.949978	9911.530273
3426.017037	0.094991	0.949978	9996.262695
3426.017961	0.094991	0.949978	10084.035156
3426.018912	0.094933	0.949978	10174.316406
3426.019807	0.095006	0.949978	10259.346680
3426.020702	0.094966	0.949978	10344.340820
3426.021620	0.094966	0.949978	10431.519531
3427.034072	1.067717	0.743438	475.134216
3427.034939	1.524741	0.743438	1797.084717
3427.036042	1.512246	0.743438	3465.092285
3427.037014	1.469769	0.743438	4893.708008
3427.037879	1.432328	0.743438	6132.671875
3427.038922	1.389763	0.743438	7582.194824
3427.039957	1.349183	0.743438	8978.599609
3427.040843	0.738018	0.743438	9632.483398
3427.041776	0.102378	0.743438	9728.001953
3427.042834	0.095006	0.743438	9828.518555
3427.043778	0.094988	0.743438	9918.187500
3427.044645	0.094991	0.743438	10000.544922
3427.045674	0.095076	0.743438	10098.377930
3427.046685	0.094958	0.743438	10194.380859
3427.047581	0.094988	0.743438	10279.490234
3427.048546	0.095105	0.743438	10371.266602
3427.049611	0.094977	0.743438	10472.416992
3427.050546	0.094984	0.743438	10561.227539
3428.039615	1.037362	0.851063	441.916260
3428.040592	1.527001	0.851063	1933.796021
3428.041519	1.515586	0.851063	3338.744141
3428.042415	1.476324	0.851063	4661.530762
3428.043336	1.437700	0.851063	5985.652832
3428.044279	1.397095	0.851063	7303.113281
3428.045220	1.359727	0.851063	8582.616211
3428.046119	1.104126	0.851063	9575.225586
3428.047045	0.143082	0.851063	9707.719727
3428.047997	0.094863	0.851063	9798.029297
3428.048917	0.094995	0.851063	9885.424805
3428.049785	0.094980	0.851063	9967.868164
3428.050748	0.094980	0.851063	10059.333984
3428.051645	0.094944	0.851063	10144.499023
3428.052567	0.094980	0.851063	10232.071289
3428.053437	0.094915	0.851063	10314.646484
3428.054401	0.094951	0.851063	10406.179687
3428.055339	0.094929	0.851063	10495.223633
3429.054906	1.031792	0.753892	435.416199
3429.055974	1.529692	0.753892	2069.127686
3429.056914	1.511759	0.753892	3490.181152
3429.057793	1.473051	0.753892	4784.992676
3429.058755	1.432324	0.753892	6162.888672
3429.059797	1.389042	0.753892	7610.270020
3429.060686	1.353724	0.753892	8813.730469
3429.061552	0.940906	0.753892	9628.554687
3429.062584	0.106003	0.753892	9737.950195
3429.063526	0.094849	0.753892	9827.297852
3429.064404	0.094900	0.753892	9910.620117
3429.065325	0.094904	0.753892	9998.026367
3429.066378	0.094984	0.753892	10098.044922
3429.067273	0.094977	0.753892	10183.048828
3429.068137	0.094926	0.753892	10265.064453
3429.069179	0.094958	0.753892	10364.010742
3429.070148	0.094874	0.753892	10455.944336
3429.071026	0.094922	0.753892	10539.286133
3430.072841	1.093315	0.777723	545.564453
3430.073728	1.529290	0.777723	1902.044312
3430.074601	1.518651	0.777723	3227.826660
3430.075609	1.474783	0.777723	4714.407715
3430.076620	1.430826	0.777723	6160.973145
3430.077521	1.393777	0.777723	7416.766113
3430.078388	1.358126	0.777723	8594.261719
3430.079488	0.839725	0.777723	9517.959961
3430.080391	0.105150	0.777723	9612.910156
3430.081269	0.094900	0.777723	9696.232422
3430.082265	0.094995	0.777723	9790.847656
3430.083266	0.094834	0.777723	9885.776367
3430.084161	0.094889	0.777723	9970.702148
3430.085023	0.094918	0.777723	10052.521484
3430.086116	0.094966	0.777723	10156.319336
3430.087013	0.094922	0.777723	10241.463867
3430.087885	0.094958	0.777723	10324.267578
3430.088898	0.095109	0.777723	10420.612305
3431.076021	1.026899	0.837052	431.297729
3431.076985	1.526700	0.837052	1903.036987
3431.077914	1.516853	0.837052	3312.193359
3431.078798	1.477917	0.837052	4618.672363
3431.079731	1.438711	0.837052	5960.989746
3431.080670	1.398629	0.837052	7274.302734
3431.081582	1.361510	0.837052	8516.000000
3431.082481	1.152092	0.837052	9551.730469
3431.083400	0.161810	0.837052	9700.434570
3431.084353	0.094885	0.837052	9790.860352
3431.085274	0.094995	0.837052	9878.350586
3431.086150	0.094926	0.837052	9961.504883
3431.087121	0.094907	0.837052	10053.660156
3431.088032	0.094823	0.837052	10140.043945
3431.088963	0.094980	0.837052	10228.470703
3431.089824	0.094885	0.837052	10310.166992
3431.090797	0.094871	0.837052	10402.476562
3431.091730	0.094937	0.837052	10491.052734
3432.103610	1.038889	0.726870	440.489014
3432.104573	1.527532	0.726870	1911.502075
3432.105513	1.515875	0.726870	3336.424805
3432.106406	1.476636	0.726870	4655.060547
3432.107330	1.437847	0.726870	5983.630859
3432.108247	1.397915	0.726870	7265.519043
3432.109204	1.360452	0.726870	8567.470703
3432.110101	1.120272	0.726870	9572.354492
3432.111042	0.148934	0.726870	9712.501953
3432.111990	0.094823	0.726870	9802.394531
3432.112919	0.094929	0.726870	9890.583984
3432.113778	0.094937	0.726870	9972.134766
3432.114823	0.095021	0.726870	10071.431641
3432.115866	0.095054	0.726870	10170.572266
3432.116762	0.094933	0.726870	10255.631836
3432.117626	0.095013	0.726870	10337.723633
3432.118701	0.095057	0.726870	10439.910156
3432.119693	0.094944	0.726870	10534.094727
3433.099704	1.027214	0.869428	432.457214
3433.100654	1.525979	0.869428	1882.137207
3433.101586	1.516641	0.869428	3295.646484
3433.102482	1.477408	0.869428	4619.404297
3433.103405	1.438502	0.869428	5947.141602
3433.104337	1.397970	0.869428	7250.049805
3433.105293	1.360514	0.869428	8550.701172
3433.106194	1.125989	0.869428	9565.216797
3433.107121	0.149026	0.869428	9703.364258
3433.108072	0.094860	0.869428	9793.576172
3433.108988	0.095017	0.869428	9880.612305
3433.109852	0.095002	0.869428	9962.694336
3433.110819	0.094951	0.869428	10054.511719
3433.111724	0.094911	0.869428	10140.406250
3433.112643	0.094958	0.869428	10227.672852
3433.113515	0.094937	0.869428	10310.457031
3433.114483	0.095024	0.869428	10402.440430
3433.115416	0.094988	0.869428	10491.064453
3434.132666	1.050121	0.706925	445.251221
3434.133647	1.529081	0.706925	1945.279419
3434.134572	1.515652	0.706925	3347.257324
3434.135465	1.476394	0.706925	4665.677246
3434.136380	1.437352	0.706925	5980.854492
3434.137335	1.397611	0.706925	7315.573242
3434.138266	1.360536	0.706925	8582.232422
3434.139138	1.127519	0.706925	9565.429687
3434.140116	0.146953	0.706925	9709.149414
3434.141047	0.094797	0.706925	9797.405273
3434.141962	0.094937	0.706925	9884.272461
3434.142821	0.094966	0.706925	9965.847656
3434.143778	0.094926	0.706925	10056.691406
3434.144735	0.094940	0.706925	10147.548828
3434.145626	0.094966	0.706925	10232.163086
3434.146547	0.095002	0.706925	10319.660156
3434.147501	0.094958	0.706925	10410.250977
3434.148418	0.094845	0.706925	10497.223633
3435.125793	1.083534	0.900494	573.189514
3435.126674	1.529605	0.900494	1920.771240
3435.127591	1.515685	0.900494	3310.654297
3435.128478	1.476921	0.900494	4620.683594
3435.129376	1.437836	0.900494	5911.860352
3435.130328	1.397582	0.900494	7242.358398
3435.131274	1.360422	0.900494	8529.318359
3435.132176	1.124414	0.900494	9543.540039
3435.133113	0.150403	0.900494	9684.467773
3435.134069	0.094882	0.900494	9775.174805
3435.134957	0.094915	0.900494	9859.458984
3435.135881	0.094940	0.900494	9947.183594
3435.136835	0.094882	0.900494	10037.700195
3435.137739	0.094885	0.900494	10123.476562
3435.138612	0.094889	0.900494	10206.314453
3435.139566	0.094882	0.900494	10296.831055
3435.140523	0.094896	0.900494	10387.646484
3435.141449	0.094863	0.900494	10475.490234
3436.158743	1.113611	0.726161	564.600708
3436.159655	1.530996	0.726161	1960.869141
3436.160534	1.516816	0.726161	3294.150879
3436.161514	1.474479	0.726161	4739.140137
3436.162528	1.430222	0.726161	6189.385254
3436.163425	1.393037	0.726161	7438.939453
3436.164293	1.357837	0.726161	8617.541992
3436.165387	0.820203	0.726161	9514.843750
3436.166314	0.103674	0.726161	9610.950195
3436.167193	0.094929	0.726161	9694.392578
3436.168183	0.094969	0.726161	9788.412109
3436.169181	0.094955	0.726161	9883.176758
3436.170071	0.095006	0.726161	9967.732422
3436.170927	0.094966	0.726161	10049.023437
3436.171995	0.094988	0.726161	10150.470703
3436.172910	0.094893	0.726161	10237.297852
3436.173790	0.094969	0.726161	10320.871094
3436.174736	0.094988	0.726161	10410.729492
3437.151776	1.115288	0.907753	571.027527
3437.152716	1.531381	0.907753	2010.525391
3437.153594	1.515059	0.907753	3340.746826
3437.154532	1.473984	0.907753	4723.344238
3437.155595	1.428937	0.907753	6242.303711
3437.156496	1.391188	0.907753	7495.763672
3437.157369	1.356390	0.907753	8679.892578
3437.158410	0.821074	0.907753	9534.630859
3437.159370	0.101832	0.907753	9632.389648
3437.160253	0.094860	0.907753	9716.150391
3437.161166	0.094958	0.907753	9802.847656
3437.162230	0.094969	0.907753	9903.895508
3437.163112	0.094926	0.907753	9987.620117
3437.163972	0.094966	0.907753	10069.291016
3437.165016	0.094940	0.907753	10168.408203
3437.165972	0.094929	0.907753	10259.160156
3437.166839	0.094969	0.907753	10341.499023
3437.167713	0.094926	0.907753	10424.463867
3438.184886	1.029441	0.735813	432.365173
3438.185849	1.528572	0.735813	1904.379639
3438.186781	1.516586	0.735813	3317.837402
3438.187672	1.477310	0.735813	4634.120117
3438.188557	1.437916	0.735813	5906.675781
3438.189557	1.397289	0.735813	7303.964844
3438.190487	1.360470	0.735813	8569.202148
3438.191369	1.133771	0.735813	9569.187500
3438.192285	0.161777	0.735813	9717.375977
3438.193241	0.094911	0.735813	9808.110352
3438.194172	0.094980	0.735813	9896.537109
3438.195039	0.094973	0.735813	9978.878906
3438.195967	0.094929	0.735813	10066.973633
3438.196892	0.094863	0.735813	10154.722656
3438.197818	0.095010	0.735813	10242.702148
3438.198693	0.095043	0.735813	10325.864258
3438.199667	0.094951	0.735813	10418.346680
3438.200615	0.094904	0.735813	10508.315430
3439.178189	1.054017	0.921067	460.605560
3439.179054	1.523551	0.921067	1778.477173
3439.180055	1.516271	0.921067	3296.264160
3439.181005	1.475200	0.921067	4697.704102
3439.181884	1.437165	0.921067	5960.972656
3439.182801	1.398615	0.921067	7243.501953
3439.183751	1.360811	0.921067	8536.271484
3439.184689	1.085885	0.921067	9554.832031
3439.185568	0.148125	0.921067	9685.034180
3439.186524	0.094893	0.921067	9775.751953
3439.187436	0.094929	0.921067	9862.327148
3439.188364	0.095024	0.921067	9950.509766
3439.189224	0.095002	0.921067	10032.211914
3439.190204	0.094933	0.921067	10125.246094
3439.191143	0.094955	0.921067	10214.408203
3439.192038	0.095028	0.921067	10299.458008
3439.192974	0.095002	0.921067	10388.379883
3439.193874	0.094937	0.921067	10473.822266
3440.211641	1.027057	0.725605	434.445038
3440.212560	1.526587	0.725605	1837.378418
3440.213521	1.516501	0.725605	3294.736328
3440.214461	1.475742	0.725605	4681.934082
3440.215329	1.437623	0.725605	5929.791016
3440.216305	1.397838	0.725605	7294.081055
3440.217265	1.360060	0.725605	8599.738281
3440.218165	1.084406	0.725605	9575.703125
3440.219102	0.148158	0.725605	9714.527344
3440.220008	0.094882	0.725605	9800.490234
3440.220950	0.095010	0.725605	9889.989258
3440.221840	0.095032	0.725605	9974.567383
3440.222756	0.094958	0.725605	10061.549805
3440.223718	0.095002	0.725605	10152.942383
3440.224637	0.094988	0.725605	10240.236328
3440.225508	0.095006	0.725605	10322.986328
3440.226445	0.094977	0.725605	10411.979492
3440.227387	0.094988	0.725605	10501.458008
3441.206203	1.029265	0.910807	437.437683
3441.207171	1.523317	0.910807	1912.008057
3441.208220	1.510994	0.910807	3497.040527
3441.209151	1.469879	0.910807	4865.498047
3441.210017	1.431647	0.910807	6105.304199
3441.211113	1.387668	0.910807	7626.188477
3441.212100	1.348671	0.910807	8957.326172
3441.212993	0.752556	0.910807	9629.358398
3441.213977	0.102367	0.910807	9730.087891
3441.215012	0.095032	0.910807	9828.445312
3441.215916	0.095010	0.910807	9914.333984
3441.216772	0.095021	0.910807	9995.671875
3441.217876	0.095043	0.910807	10100.598633
3441.218834	0.094929	0.910807	10191.541016
3441.219706	0.094969	0.910807	10274.354492
3441.220693	0.095024	0.910807	10368.143555
3441.221733	0.094969	0.910807	10466.912109
3441.222638	0.095021	0.910807	10552.906250
3442.236946	1.074331	0.729021	551.131836
3442.238005	1.532205	0.729021	2173.736572
3442.238938	1.508712	0.729021	3581.364990
3442.239812	1.469615	0.729021	4865.809082
3442.240769	1.429116	0.729021	6233.473145
3442.241814	1.385603	0.729021	7681.428223
3442.242718	1.350286	0.729021	8902.085937
3442.243592	0.822978	0.729021	9621.369141
3442.244624	0.100675	0.729021	9725.265625
3442.245576	0.094948	0.729021	9815.655273
3442.246457	0.094962	0.729021	9899.317383
3442.247390	0.094999	0.729021	9987.951172
3442.248434	0.094958	0.729021	10087.087891
3442.249319	0.094980	0.729021	10171.145508
3442.250182	0.095006	0.729021	10253.135742
3442.251222	0.095021	0.729021	10351.957031
3442.252171	0.094966	0.729021	10442.080078
3442.253046	0.094948	0.729021	10525.159180
3443.233982	1.032751	0.856336	438.919373
3443.235021	1.529670	0.856336	2028.246826
3443.235909	1.514725	0.856336	3373.322754
3443.236787	1.476145	0.856336	4669.377930
3443.237712	1.435774	0.856336	5997.468750
3443.238711	1.394696	0.856336	7390.770020
3443.239636	1.358101	0.856336	8647.013672
3443.240521	1.066084	0.856336	9590.498047
3443.241556	0.120905	0.856336	9715.633789
3443.242451	0.094849	0.856336	9800.523437
3443.243328	0.094977	0.856336	9883.818359
3443.244196	0.094966	0.856336	9966.249023
3443.245247	0.094893	0.856336	10065.981445
3443.246134	0.094951	0.856336	10150.203125
3443.247009	0.094991	0.856336	10233.320312
3443.248016	0.094988	0.856336	10328.972656
3443.248941	0.094962	0.856336	10416.812500
3443.249840	0.094988	0.856336	10502.206055
3444.261665	1.137231	0.687420	600.458191
3444.262567	1.531091	0.687420	1981.502686
3444.263492	1.515117	0.687420	3382.986328
3444.264361	1.476204	0.687420	4665.807617
3444.265378	1.433848	0.687420	6124.030273
3444.266312	1.394561	0.687420	7426.549805
3444.267180	1.359822	0.687420	8606.875000
3444.268221	0.926499	0.687420	9571.360352
3444.269101	0.116660	0.687420	9674.021484
3444.270023	0.094926	0.687420	9761.542969
3444.270884	0.095039	0.687420	9843.372070
3444.271838	0.094984	0.687420	9933.987305
3444.272754	0.094944	0.687420	10020.956055
3444.273677	0.094973	0.687420	10108.616211
3444.274540	0.094984	0.687420	10190.587891
3444.275514	0.094966	0.687420	10283.084961
3444.276452	0.094940	0.687420	10372.138672
3444.277318	0.095013	0.687420	10454.419922
3445.263303	1.040222	0.793454	452.496643
3445.264172	1.523690	0.793454	1776.583496
3445.265177	1.516776	0.793454	3300.943359
3445.266115	1.475874	0.793454	4685.312988
3445.267000	1.437469	0.793454	5957.473633
3445.267887	1.399493	0.793454	7198.824219
3445.268874	1.361093	0.793454	8542.222656
3445.269793	1.080590	0.793454	9535.284180
3445.270687	0.147887	0.793454	9667.495117
3445.271605	0.094893	0.793454	9754.606445
3445.272570	0.094969	0.793454	9846.251953
3445.273494	0.095032	0.793454	9934.061523
3445.274368	0.094999	0.793454	10017.090820
3445.275325	0.094980	0.793454	10107.987305
3445.276241	0.094958	0.793454	10194.969727
3445.277169	0.095021	0.793454	10283.149414
3445.278025	0.095035	0.793454	10364.500000
3445.278993	0.094999	0.793454	10456.458984
3446.283707	1.027954	0.664801	433.796631
3446.284655	1.523474	0.664801	1878.050049
3446.285597	1.516487	0.664801	3306.580566
3446.286528	1.475929	0.664801	4680.670410
3446.287412	1.437587	0.664801	5951.497070
3446.288337	1.398193	0.664801	7244.826172
3446.289303	1.360247	0.664801	8558.824219
3446.290231	1.086852	0.664801	9567.422852
3446.291099	0.149714	0.664801	9697.375000
3446.292063	0.094852	0.664801	9788.812500
3446.292989	0.094977	0.664801	9876.760742
3446.293851	0.094973	0.664801	9958.627930
3446.294859	0.094907	0.664801	10054.293945
3446.295770	0.094969	0.664801	10140.811523
3446.296696	0.094948	0.664801	10228.733398
3446.297569	0.094918	0.664801	10311.596680
3446.298539	0.094915	0.664801	10403.664062
3446.299475	0.094915	0.664801	10492.503906
3447.295186	1.043720	0.693688	462.367737
3447.296152	1.529319	0.693688	1939.689697
3447.297084	1.515278	0.693688	3351.928955
3447.297965	1.476687	0.693688	4652.890137
3447.298899	1.436854	0.693688	5994.912109
3447.299864	1.396864	0.693688	7342.885742
3447.300773	1.360170	0.693688	8579.280273
3447.301650	1.108539	0.693688	9551.468750
3447.302613	0.143961	0.693688	9690.103516
3447.303557	0.094904	0.693688	9779.692383
3447.304456	0.094969	0.693688	9865.070312
3447.305339	0.094984	0.693688	9948.941406
3447.306290	0.094958	0.693688	10039.247070
3447.307244	0.094991	0.693688	10129.869141
3447.308135	0.094984	0.693688	10214.500000
3447.309063	0.094988	0.693688	10302.648437
3447.310018	0.094977	0.693688	10393.351562
3447.310896	0.094962	0.693688	10476.728516
3448.304077	1.049194	0.677386	456.399536
3448.305027	1.526554	0.677386	1906.625854
3448.305994	1.515015	0.677386	3371.645020
3448.306879	1.475903	0.677386	4677.819336
3448.307849	1.435833	0.677386	6070.577148
3448.308779	1.395663	0.677386	7368.543457
3448.309710	1.358452	0.677386	8633.262695
3448.310596	1.070156	0.677386	9581.420898
3448.311532	0.130829	0.677386	9703.876953
3448.312475	0.094823	0.677386	9793.294922
3448.313400	0.094962	0.677386	9881.134766
3448.314267	0.094878	0.677386	9963.393555
3448.315233	0.094955	0.677386	10055.120117
3448.316174	0.094933	0.677386	10144.452148
3448.317068	0.094915	0.677386	10229.305664
3448.318002	0.094933	0.677386	10317.972656
3448.318939	0.094937	0.677386	10406.927734
3448.319859	0.094973	0.677386	10494.302734
3449.330203	1.114794	0.578261	565.200378
3449.331226	1.533387	0.578261	2133.855713
3449.332116	1.512056	0.578261	3479.585205
3449.333103	1.469319	0.578261	4929.802734
3449.334155	1.424213	0.578261	6428.074219
3449.335069	1.386101	0.578261	7694.970703
3449.335936	1.350879	0.578261	8866.182617
3449.337032	0.611906	0.578261	9536.831055
3449.338017	0.096218	0.578261	9631.606445
3449.338892	0.094955	0.578261	9714.692383
3449.339875	0.095076	0.578261	9808.151367
3449.340922	0.094929	0.578261	9907.541992
3449.341819	0.095006	0.578261	9992.762695
3449.342681	0.094991	0.578261	10074.645508
3449.343784	0.094926	0.578261	10179.348633
3449.344746	0.094907	0.578261	10270.649414
3449.345611	0.094871	0.578261	10352.712891
3449.346642	0.094969	0.578261	10450.625977
3450.323907	1.052736	0.720461	450.570831
3450.324889	1.529081	0.720461	1952.128052
3450.325819	1.515282	0.720461	3361.340332
3450.326700	1.476562	0.720461	4662.191895
3450.327683	1.436338	0.720461	6074.111816
3450.328595	1.395648	0.720461	7346.942871
3450.329528	1.358763	0.720461	8614.668945
3450.330431	1.074426	0.720461	9584.875977
3450.331352	0.139204	0.720461	9713.083008
3450.332297	0.094856	0.720461	9802.721680
3450.333218	0.094940	0.720461	9890.161133
3450.334081	0.094929	0.720461	9972.084961
3450.335054	0.094849	0.720461	10064.373047
3450.336009	0.094911	0.720461	10155.012695
3450.336901	0.094915	0.720461	10239.676758
3450.337780	0.094966	0.720461	10323.151367
3450.338700	0.094958	0.720461	10410.513672
3450.339648	0.094995	0.720461	10500.569336
3451.363008	1.037490	0.518102	443.008331
3451.364062	1.530615	0.518102	2056.276855
3451.364956	1.514531	0.518102	3410.267822
3451.365824	1.475585	0.518102	4691.075195
3451.366704	1.435693	0.518102	5954.485352
3451.367768	1.393253	0.518102	7436.906738
3451.368664	1.357936	0.518102	8653.617187
3451.369546	1.066373	0.518102	9594.158203
3451.370542	0.132360	0.518102	9725.988281
3451.371485	0.094871	0.518102	9815.451172
3451.372407	0.094958	0.518102	9903.002930
3451.373271	0.095083	0.518102	9985.154297
3451.374308	0.094882	0.518102	10083.546875
3451.375190	0.094973	0.518102	10167.313477
3451.376061	0.094907	0.518102	10249.977539
3451.377027	0.094907	0.518102	10341.658203
3451.377993	0.094874	0.518102	10433.306641
3451.378891	0.094907	0.518102	10518.533203
3452.346827	1.043185	0.772486	446.483063
3452.347756	1.524155	0.772486	1862.423218
3452.348688	1.517336	0.772486	3276.580566
3452.349609	1.477522	0.772486	4637.378418
3452.350475	1.439443	0.772486	5883.936523
3452.351403	1.399731	0.772486	7182.887207
3452.352361	1.361821	0.772486	8487.511719
3452.353297	1.129515	0.772486	9544.738281
3452.354165	0.163630	0.772486	9686.769531
3452.355140	0.094794	0.772486	9779.193359
3452.356088	0.094948	0.772486	9869.203125
3452.356981	0.094900	0.772486	9953.949219
3452.357892	0.094896	0.772486	10040.399414
3452.358829	0.094926	0.772486	10129.344727
3452.359756	0.094878	0.772486	10217.296875
3452.360627	0.094937	0.772486	10299.986328
3452.361533	0.094958	0.772486	10386.018555
3452.362488	0.094988	0.772486	10476.731445
3453.391545	1.027159	0.517312	432.434082
3453.392496	1.523383	0.517312	1881.170898
3453.393561	1.511422	0.517312	3490.835449
3453.394501	1.470033	0.517312	4872.666504
3453.395380	1.431676	0.517312	6131.109863
3453.396438	1.388485	0.517312	7600.126953
3453.397449	1.348667	0.517312	8963.628906
3453.398353	0.732700	0.517312	9625.990234
3453.399313	0.101865	0.517312	9723.781250
3453.400371	0.094915	0.517312	9824.201172
3453.401298	0.094929	0.517312	9912.200195
3453.402163	0.094958	0.517312	9994.338867
3453.403233	0.094940	0.517312	10095.924805
3453.404227	0.094984	0.517312	10190.338867
3453.405115	0.094991	0.517312	10274.691406
3453.406104	0.095079	0.517312	10368.724609
3453.407151	0.095006	0.517312	10468.196289
3453.408041	0.094951	0.517312	10552.703125
3454.374087	1.043899	0.750806	457.227722
3454.374960	1.524100	0.750806	1787.767334
3454.376055	1.512257	0.750806	3443.688965
3454.377104	1.466964	0.750806	4982.534180
3454.378010	1.427655	0.750806	6275.989746
3454.378878	1.389653	0.750806	7482.208984
3454.379988	1.348228	0.750806	8978.741211
3454.380959	0.629568	0.750806	9590.051758
3454.381820	0.099185	0.750806	9675.449219
3454.382858	0.094999	0.750806	9774.057617
3454.383886	0.094933	0.750806	9871.648437
3454.384776	0.095002	0.750806	9956.200195
3454.385712	0.094977	0.750806	10045.098633
3454.386762	0.095021	0.750806	10144.870117
3454.387709	0.094977	0.750806	10234.813477
3454.388567	0.094944	0.750806	10316.275391
3454.389624	0.095039	0.750806	10416.731445
3454.390648	0.094937	0.750806	10513.946289
3455.414972	1.030305	0.521997	436.849396
3455.416009	1.527700	0.521997	2021.074463
3455.417069	1.508577	0.521997	3620.165527
3455.417958	1.468795	0.521997	4925.924316
3455.418824	1.431354	0.521997	6165.476562
3455.419860	1.388752	0.521997	7604.224121
3455.420831	1.350751	0.521997	8915.802734
3455.421707	0.823268	0.521997	9636.985352
3455.422590	0.107212	0.521997	9731.653320
3455.423689	0.094871	0.521997	9835.916016
3455.424581	0.094871	0.521997	9920.541016
3455.425445	0.094933	0.521997	10002.563477
3455.426471	0.094988	0.521997	10100.020508
3455.427447	0.094882	0.521997	10192.625000
3455.428330	0.094918	0.521997	10276.437500
3455.429189	0.094944	0.521997	10357.994141
3455.430294	0.094918	0.521997	10462.878906
3455.431184	0.094885	0.521997	10547.327148
