time (s)	coil I (A)	last det (V)	int current (uC)
2866.438700	1.133386	0.506766	573.493469
2866.439670	1.534625	0.506766	2062.079834
2866.440565	1.516227	0.506766	3419.102783
2866.441567	1.472373	0.506766	4894.420410
2866.442631	1.427238	0.506766	6413.000977
2866.443530	1.389412	0.506766	7662.082031
2866.444424	1.352930	0.506766	8871.601562
2866.445532	0.593511	0.506766	9529.211914
2866.446473	0.096932	0.506766	9620.424805
2866.447344	0.094867	0.506766	9703.053711
2866.448396	0.095035	0.506766	9803.031250
2866.449417	0.094838	0.506766	9899.860352
2866.450313	0.094922	0.506766	9984.910156
2866.451257	0.094980	0.506766	10074.571289
2866.452297	0.094940	0.506766	10173.308594
2866.453224	0.094940	0.506766	10261.318359
2866.454083	0.094944	0.506766	10342.875000
2866.455150	0.095006	0.506766	10444.246094
2867.500776	1.067801	0.600513	498.663300
2867.501699	1.530480	0.600513	1911.296143
2867.502583	1.520764	0.600513	3255.651855
2867.503495	1.481495	0.600513	4606.775391
2867.504463	1.439934	0.600513	6000.631836
2867.505396	1.400446	0.600513	7307.247559
2867.506268	1.365227	0.600513	8497.725586
2867.507207	1.102383	0.600513	9532.863281
2867.508143	0.147521	0.600513	9670.942383
2867.509073	0.094786	0.600513	9759.093750
2867.509951	0.094904	0.600513	9842.418945
2867.510916	0.094893	0.600513	9933.990234
2867.511860	0.094944	0.600513	10023.617187
2867.512756	0.094940	0.600513	10108.683594
2867.513638	0.094966	0.600513	10192.443359
2867.514594	0.094838	0.600513	10283.108398
2867.515533	0.094904	0.600513	10372.222656
2867.516420	0.094955	0.600513	10456.447266
2868.466679	1.105583	0.559171	531.785645
2868.467624	1.531582	0.559171	1979.130615
2868.468547	1.517542	0.559171	3379.821289
2868.469426	1.478463	0.559171	4679.390137
2868.470390	1.437297	0.559171	6064.944824
2868.471336	1.397911	0.559171	7387.369141
2868.472236	1.361964	0.559171	8613.136719
2868.473151	1.070552	0.559171	9592.691406
2868.474127	0.131638	0.559171	9721.169922
2868.475047	0.094863	0.559171	9808.444336
2868.475907	0.094980	0.559171	9890.127930
2868.476868	0.094878	0.559171	9981.305664
2868.477812	0.094856	0.559171	10070.849609
2868.478716	0.094896	0.559171	10156.635742
2868.479592	0.094940	0.559171	10239.803711
2868.480549	0.094980	0.559171	10330.700195
2868.481492	0.094904	0.559171	10420.194336
2868.482388	0.094948	0.559171	10505.267578
2869.529795	1.047737	0.615974	454.717804
2869.530677	1.526360	0.615974	1800.967163
2869.531677	1.518959	0.615974	3319.925781
2869.532689	1.474559	0.615974	4812.179687
2869.533591	1.435800	0.615974	6107.270996
2869.534457	1.398303	0.615974	7318.201660
2869.535553	1.356405	0.615974	8804.821289
2869.536463	0.904160	0.615974	9627.607422
2869.537328	0.115730	0.615974	9727.713867
2869.538343	0.094984	0.615974	9824.123047
2869.539343	0.094907	0.615974	9919.030273
2869.540225	0.094944	0.615974	10002.770508
2869.541081	0.094948	0.615974	10084.045898
2869.542179	0.094948	0.615974	10188.297852
2869.543079	0.094889	0.615974	10273.698242
2869.543957	0.094915	0.615974	10357.033203
2869.544953	0.095032	0.615974	10451.684570
2869.545951	0.094915	0.615974	10546.409180
2870.498484	1.030807	0.611652	431.908081
2870.499471	1.530256	0.611652	1942.271118
2870.500396	1.518343	0.611652	3346.738770
2870.501292	1.479020	0.611652	4671.940430
2870.502233	1.439590	0.611652	6026.594727
2870.503166	1.399054	0.611652	7331.912109
2870.504110	1.361678	0.611652	8617.335937
2870.505001	1.099695	0.611652	9597.164062
2870.505947	0.148447	0.611652	9737.594727
2870.506902	0.094709	0.611652	9828.041992
2870.507820	0.094878	0.611652	9915.139648
2870.508687	0.094849	0.611652	9997.373047
2870.509644	0.094871	0.611652	10088.164062
2870.510584	0.094893	0.611652	10177.363281
2870.511492	0.094834	0.611652	10263.472656
2870.512355	0.094922	0.611652	10345.390625
2870.513333	0.094951	0.611652	10438.252930
2870.514258	0.094871	0.611652	10526.007812
2871.556580	1.049550	0.666026	484.891907
2871.557505	1.529905	0.666026	1900.053955
2871.558395	1.520314	0.666026	3253.133057
2871.559316	1.481005	0.666026	4617.138184
2871.560263	1.439304	0.666026	5980.159180
2871.561203	1.399951	0.666026	7296.113281
2871.562087	1.364440	0.666026	8502.278320
2871.562998	1.096538	0.666026	9501.224609
2871.563969	0.146558	0.666026	9643.532227
2871.564895	0.094816	0.666026	9731.332031
2871.565775	0.094918	0.666026	9814.860352
2871.566742	0.094904	0.666026	9906.631836
2871.567698	0.094922	0.666026	9997.376953
2871.568587	0.094882	0.666026	10081.726562
2871.569448	0.094856	0.666026	10163.397461
2871.570421	0.094893	0.666026	10255.727539
2871.571363	0.094889	0.666026	10345.113281
2871.572250	0.094926	0.666026	10429.312500
2872.528346	1.057551	0.670223	472.725403
2872.529220	1.526466	0.670223	1806.856689
2872.530158	1.520416	0.670223	3233.007080
2872.531110	1.479628	0.670223	4641.612305
2872.532038	1.439593	0.670223	5977.555176
2872.532912	1.402405	0.670223	7203.256836
2872.533892	1.364465	0.670223	8540.432617
2872.534792	1.093689	0.670223	9524.752930
2872.535716	0.150450	0.670223	9663.769531
2872.536588	0.094885	0.670223	9746.509766
2872.537679	0.094995	0.670223	9850.149414
2872.538722	0.094878	0.670223	9949.107422
2872.539611	0.094977	0.670223	10033.541992
2872.540537	0.094882	0.670223	10121.402344
2872.541588	0.094988	0.670223	10221.234375
2872.542536	0.094977	0.670223	10311.272461
2872.543405	0.094926	0.670223	10393.762695
2872.544431	0.094958	0.670223	10491.190430
2873.584086	1.041160	0.698224	459.151398
2873.584949	1.525576	0.698224	1775.723511
2873.585869	1.521006	0.698224	3175.048828
2873.586838	1.479375	0.698224	4608.563477
2873.587768	1.439583	0.698224	5947.375000
2873.588640	1.402185	0.698224	7170.080566
2873.589622	1.363667	0.698224	8509.201172
2873.590581	1.084871	0.698224	9549.591797
2873.591475	0.145719	0.698224	9679.864258
2873.592388	0.094805	0.698224	9766.420898
2873.593356	0.094849	0.698224	9858.234375
2873.594277	0.094838	0.698224	9945.580078
2873.595139	0.094948	0.698224	10027.424805
2873.596088	0.094918	0.698224	10117.501953
2873.597039	0.094830	0.698224	10207.685547
2873.597967	0.094900	0.698224	10295.752930
2873.598844	0.094856	0.698224	10378.941406
2873.599817	0.094911	0.698224	10471.290039
2874.556931	1.111095	0.719413	538.881042
2874.557861	1.530487	0.719413	1962.234131
2874.558737	1.519255	0.719413	3293.101807
2874.559661	1.478613	0.719413	4659.340332
2874.560623	1.437151	0.719413	6041.879395
2874.561558	1.398607	0.719413	7349.577148
2874.562435	1.362887	0.719413	8544.829102
2874.563409	1.062015	0.719413	9579.232422
2874.564351	0.130020	0.719413	9701.710937
2874.565264	0.094827	0.719413	9788.288086
2874.566122	0.094896	0.719413	9869.708984
2874.567098	0.094937	0.719413	9962.367187
2874.568037	0.094984	0.719413	10051.557617
2874.568897	0.095010	0.719413	10133.265625
2874.569839	0.095010	0.719413	10222.764648
2874.570790	0.094896	0.719413	10313.010742
2874.571680	0.094958	0.719413	10397.523437
2874.572595	0.094958	0.719413	10484.410156
2875.612863	1.032037	0.740639	438.615845
2875.613842	1.526060	0.740639	1932.628052
2875.614903	1.512429	0.740639	3537.315430
2875.615821	1.471622	0.740639	4888.264648
2875.616689	1.432592	0.740639	6131.753906
2875.617794	1.388295	0.740639	7665.819336
2875.618777	1.350099	0.740639	8992.966797
2875.619646	0.764817	0.740639	9657.592773
2875.620730	0.098141	0.740639	9763.977539
2875.621777	0.094885	0.740639	9863.322266
2875.622667	0.094940	0.740639	9947.819336
2875.623592	0.095083	0.740639	10035.771484
2875.624634	0.094911	0.740639	10134.668945
2875.625582	0.094977	0.740639	10224.707031
2875.626448	0.094896	0.740639	10306.886719
2875.627503	0.094962	0.740639	10407.072266
2875.628509	0.094915	0.740639	10502.556641
2875.629401	0.094962	0.740639	10587.262695
2876.585913	1.034681	0.755672	436.635529
2876.586891	1.527645	0.755672	1930.672485
2876.587812	1.517714	0.755672	3328.486816
2876.588725	1.477929	0.755672	4677.835449
2876.589608	1.439044	0.755672	5948.511230
2876.590645	1.396161	0.755672	7396.330078
2876.591683	1.355515	0.755672	8803.354492
2876.592584	0.917128	0.755672	9629.686523
2876.593524	0.116437	0.755672	9739.136719
2876.594581	0.095021	0.755672	9839.573242
2876.595524	0.094922	0.755672	9929.084961
2876.596390	0.094995	0.755672	10011.350586
2876.597446	0.095035	0.755672	10111.708008
2876.598464	0.094933	0.755672	10208.349609
2876.599354	0.094933	0.755672	10292.839844
2876.600315	0.095061	0.755672	10384.193359
2876.601359	0.095035	0.755672	10483.410156
2876.602281	0.094937	0.755672	10570.941406
2877.639120	1.040599	0.805128	452.660706
2877.639998	1.525642	0.805128	1792.174561
2877.640932	1.520416	0.805128	3212.243408
2877.641923	1.477800	0.805128	4676.743164
2877.642843	1.437887	0.805128	5999.599121
2877.643724	1.400977	0.805128	7233.859375
2877.644771	1.359877	0.805128	8657.650391
2877.645690	1.021465	0.805128	9596.376953
2877.646567	0.130115	0.805128	9710.487305
2877.647436	0.094878	0.805128	9792.936523
2877.648491	0.094966	0.805128	9893.125000
2877.649388	0.094929	0.805128	9978.276367
2877.650260	0.094911	0.805128	10061.039062
2877.651257	0.094915	0.805128	10155.668945
2877.652180	0.094966	0.805128	10243.322266
2877.653107	0.094966	0.805128	10331.355469
2877.653967	0.094951	0.805128	10413.013672
2877.654977	0.094958	0.805128	10508.921875
2878.614463	1.034989	0.818147	441.940308
2878.615395	1.527045	0.818147	1865.145874
2878.616357	1.517292	0.818147	3324.781250
2878.617285	1.477438	0.818147	4695.843750
2878.618156	1.438696	0.818147	5948.948242
2878.619130	1.398918	0.818147	7311.494629
2878.620080	1.361184	0.818147	8604.619141
2878.620976	1.094601	0.818147	9585.381836
2878.621911	0.149890	0.818147	9725.529297
2878.622867	0.094783	0.818147	9816.141602
2878.623777	0.094893	0.818147	9902.494141
2878.624656	0.094940	0.818147	9985.946289
2878.625570	0.094871	0.818147	10072.658203
2878.626528	0.094874	0.818147	10163.547852
2878.627453	0.094929	0.818147	10251.357422
2878.628326	0.094918	0.818147	10334.220703
2878.629309	0.094885	0.818147	10427.493164
2878.630232	0.094948	0.818147	10515.129883
2879.668417	1.035839	0.849403	443.338959
2879.669397	1.528433	0.849403	1941.203003
2879.670328	1.517725	0.849403	3354.204590
2879.671212	1.478610	0.849403	4661.295410
2879.672116	1.439773	0.849403	5962.850098
2879.673047	1.399548	0.849403	7265.829590
2879.673996	1.362023	0.849403	8558.388672
2879.674897	1.123140	0.849403	9570.337891
2879.675825	0.154523	0.849403	9713.735352
2879.676785	0.094889	0.849403	9804.829102
2879.677705	0.094933	0.849403	9892.166992
2879.678580	0.094980	0.849403	9975.275391
2879.679527	0.094969	0.849403	10065.211914
2879.680457	0.094966	0.849403	10153.530273
2879.681377	0.095006	0.849403	10240.935547
2879.682238	0.094904	0.849403	10322.647461
2879.683218	0.094929	0.849403	10415.677734
2879.684161	0.094944	0.849403	10505.209961
2880.643776	1.030748	0.842072	440.129547
2880.644749	1.526268	0.842072	1925.188477
2880.645669	1.517472	0.842072	3321.262695
2880.646558	1.478950	0.842072	4636.049316
2880.647539	1.436982	0.842072	6045.729004
2880.648486	1.396670	0.842072	7368.375488
2880.649406	1.360386	0.842072	8619.930664
2880.650287	1.081498	0.842072	9572.730469
2880.651322	0.119711	0.842072	9696.630859
2880.652216	0.094768	0.842072	9781.353516
2880.653134	0.094900	0.842072	9868.471680
2880.653997	0.094940	0.842072	9950.405273
2880.655003	0.094926	0.842072	10045.900391
2880.655922	0.094882	0.842072	10133.096680
2880.656801	0.094933	0.842072	10216.542969
2880.657661	0.094904	0.842072	10298.160156
2880.658634	0.094940	0.842072	10390.537109
2880.659557	0.094918	0.842072	10478.146484
2881.695429	1.036450	0.939742	447.746521
2881.696308	1.524661	0.939742	1787.923096
2881.697182	1.523057	0.939742	3119.074707
2881.698099	1.484205	0.939742	4480.090820
2881.699055	1.442743	0.939742	5859.353027
2881.700001	1.402954	0.939742	7186.547852
2881.700869	1.367296	0.939742	8373.361328
2881.701797	1.175409	0.939742	9464.140625
2881.702770	0.175635	0.939742	9635.033203
2881.703665	0.094816	0.939742	9719.893555
2881.704585	0.094830	0.939742	9807.137695
2881.705553	0.094922	0.939742	9899.022461
2881.706454	0.094929	0.939742	9984.553711
2881.707335	0.094933	0.939742	10068.189453
2881.708266	0.094951	0.939742	10156.588867
2881.709214	0.094896	0.939742	10246.550781
2881.710140	0.094922	0.939742	10334.448242
2881.710996	0.094926	0.939742	10415.704102
2882.670907	1.141553	0.837266	622.146240
2882.671806	1.532113	0.837266	1999.515747
2882.672736	1.515520	0.837266	3408.949463
2882.673605	1.475464	0.837266	4691.127441
2882.674659	1.431947	0.837266	6200.399414
2882.675539	1.394604	0.837266	7427.651367
2882.676454	1.358503	0.837266	8670.681641
2882.677335	1.001583	0.837266	9553.076172
2882.678329	0.119648	0.837266	9672.006836
2882.679249	0.094764	0.837266	9759.190430
2882.680125	0.094915	0.837266	9842.335937
2882.681138	0.094915	0.837266	9938.484375
2882.682032	0.094937	0.837266	10023.357422
2882.682954	0.094966	0.837266	10110.916016
2882.683820	0.095006	0.837266	10193.191406
2882.684818	0.094951	0.837266	10287.953125
2882.685735	0.094951	0.837266	10375.023437
2882.686602	0.094969	0.837266	10457.362305
2883.724752	1.047499	0.999861	455.661926
2883.725634	1.525547	0.999861	1801.194336
2883.726509	1.522280	0.999861	3133.189453
2883.727454	1.482444	0.999861	4534.098633
2883.728399	1.440267	0.999861	5895.151367
2883.729325	1.401654	0.999861	7193.083008
2883.730209	1.366333	0.999861	8400.921875
2883.731169	1.160332	0.999861	9514.840820
2883.732119	0.166304	0.999861	9672.829102
2883.733041	0.094841	0.999861	9760.272461
2883.733910	0.094948	0.999861	9842.782227
2883.734849	0.094900	0.999861	9931.893555
2883.735779	0.094958	0.999861	10020.205078
2883.736700	0.094885	0.999861	10107.594727
2883.737574	0.094918	0.999861	10190.553711
2883.738539	0.094991	0.999861	10282.220703
2883.739481	0.094944	0.999861	10371.658203
2883.740376	0.094926	0.999861	10456.616211
2884.700349	1.035286	0.840738	438.961090
2884.701321	1.529180	0.840738	1925.323730
2884.702259	1.516963	0.840738	3348.234863
2884.703153	1.477800	0.840738	4669.388184
2884.704111	1.437883	0.840738	6046.880371
2884.705037	1.397303	0.840738	7340.783203
2884.705974	1.360477	0.840738	8615.550781
2884.706840	1.046272	0.840738	9521.622070
2884.707894	0.120894	0.840738	9649.043945
2884.708809	0.094845	0.840738	9735.827148
2884.709727	0.094860	0.840738	9822.908203
2884.710590	0.094885	0.840738	9904.793945
2884.711539	0.094918	0.840738	9994.871094
2884.712488	0.094951	0.840738	10084.979492
2884.713383	0.094958	0.840738	10169.967773
2884.714302	0.095010	0.840738	10257.282227
2884.715249	0.094900	0.840738	10347.152344
2884.716175	0.094929	0.840738	10435.056641
2885.753537	1.029847	1.046646	440.774689
2885.754411	1.524558	1.046646	1773.238403
2885.755332	1.521932	1.046646	3174.937988
2885.756259	1.480250	1.046646	4547.129883
2885.757225	1.439062	1.046646	5937.264160
2885.758123	1.401738	1.046646	7196.025391
2885.759115	1.362484	1.046646	8547.609375
2885.760164	0.938478	1.046646	9532.072266
2885.761126	0.111182	1.046646	9639.029297
2885.761985	0.094783	1.046646	9720.447266
2885.763068	0.095061	1.046646	9823.398437
2885.764098	0.094977	1.046646	9921.224609
2885.764977	0.094915	1.046646	10004.654297
2885.765912	0.094944	1.046646	10093.426758
2885.766982	0.094966	1.046646	10195.040039
2885.767904	0.094951	1.046646	10282.584961
2885.768774	0.095002	1.046646	10365.237305
2885.769801	0.094937	1.046646	10462.737305
2886.730188	1.042800	0.833769	458.832123
2886.731070	1.525415	0.833769	1804.248291
2886.731985	1.520984	0.833769	3195.948486
2886.732949	1.479628	0.833769	4622.309570
2886.733878	1.439216	0.833769	5959.341797
2886.734748	1.402482	0.833769	7179.500977
2886.735708	1.364462	0.833769	8489.383789
2886.736645	1.106396	0.833769	9526.077148
2886.737556	0.153658	0.833769	9666.059570
2886.738440	0.094805	0.833769	9749.867187
2886.739410	0.094977	0.833769	9841.995117
2886.740355	0.095013	0.833769	9931.783203
2886.741245	0.094911	0.833769	10016.253906
2886.742179	0.095032	0.833769	10105.013672
2886.743254	0.094889	0.833769	10207.019531
2886.744242	0.094955	0.833769	10300.834961
2886.745139	0.094907	0.833769	10385.966797
2886.746131	0.094973	0.833769	10480.179687
2887.783451	1.113948	1.061941	578.138855
2887.784382	1.532153	1.061941	2004.573730
2887.785264	1.516882	1.061941	3342.463867
2887.786213	1.475599	1.061941	4742.807617
2887.787244	1.431167	1.061941	6218.340820
2887.788136	1.393872	1.061941	7461.674805
2887.789002	1.358925	1.061941	8638.503906
2887.790074	0.840399	1.061941	9539.412109
2887.791018	0.104396	1.061941	9637.961914
2887.791884	0.094845	1.061941	9720.097656
2887.792812	0.094995	1.061941	9808.252930
2887.793856	0.094929	1.061941	9907.359375
2887.794756	0.094922	1.061941	9992.789062
2887.795620	0.094937	1.061941	10074.814453
2887.796636	0.094948	1.061941	10171.281250
2887.797593	0.094882	1.061941	10262.083008
2887.798470	0.094918	1.061941	10345.326172
2887.799342	0.094999	1.061941	10428.165039
2888.759754	1.038131	0.829064	446.396393
2888.760696	1.524500	0.829064	1882.474976
2888.761642	1.518160	0.829064	3318.654785
2888.762561	1.477767	0.829064	4676.723145
2888.763437	1.439044	0.829064	5937.325684
2888.764371	1.399036	0.829064	7244.024902
2888.765339	1.360887	0.829064	8561.364258
2888.766269	1.081761	0.829064	9567.402344
2888.767138	0.148759	0.829064	9696.673828
2888.768110	0.094852	0.829064	9788.870117
2888.769064	0.094900	0.829064	9879.404297
2888.769951	0.094966	0.829064	9963.638672
2888.770859	0.094955	0.829064	10049.857422
2888.771790	0.094904	0.829064	10138.212891
2888.772723	0.094933	0.829064	10226.785156
2888.773596	0.094904	0.829064	10309.635742
2888.774510	0.094900	0.829064	10396.374023
2888.775466	0.094937	0.829064	10487.133789
2889.811144	1.038417	1.054143	448.596039
2889.812162	1.527081	1.054143	2003.164795
2889.813218	1.509382	1.054143	3597.072510
2889.814163	1.467978	1.054143	4984.312012
2889.815027	1.430284	1.054143	6220.077637
2889.816100	1.386628	1.054143	7707.929687
2889.817108	1.346836	1.054143	9065.540039
2889.818000	0.658491	1.054143	9652.914062
2889.818981	0.099675	1.054143	9750.695312
2889.820043	0.094991	1.054143	9851.576172
2889.820956	0.094896	1.054143	9938.216797
2889.821813	0.094948	1.054143	10019.586914
2889.822856	0.094995	1.054143	10118.666992
2889.823849	0.094918	1.054143	10212.920898
2889.824736	0.094926	1.054143	10297.120117
2889.825707	0.094969	1.054143	10389.335937
2889.826762	0.094958	1.054143	10489.517578
2889.827674	0.094937	1.054143	10576.099609
2890.789391	1.104368	0.850338	563.227478
2890.790397	1.533402	0.850338	2105.830078
2890.791292	1.513744	0.850338	3460.630859
2890.792261	1.471425	0.850338	4886.441406
2890.793315	1.426263	0.850338	6389.723145
2890.794239	1.387705	0.850338	7671.962891
2890.795103	1.352622	0.850338	8840.627930
2890.796200	0.627502	0.850338	9528.998047
2890.797197	0.096277	0.850338	9624.986328
2890.798094	0.094969	0.850338	9710.173828
2890.799077	0.094889	0.850338	9803.449219
2890.800143	0.094904	0.850338	9904.616211
2890.801040	0.094893	0.850338	9989.734375
2890.801907	0.094885	0.850338	10072.000000
2890.803005	0.094915	0.850338	10176.215820
2890.803967	0.094922	0.850338	10267.530273
2890.804825	0.094951	0.850338	10348.998047
2890.805869	0.095021	0.850338	10448.199219
2891.839684	1.041127	1.014886	446.643372
2891.840549	1.523807	1.014886	1764.736816
2891.841535	1.518754	1.014886	3262.228027
2891.842455	1.478405	1.014886	4622.360352
2891.843351	1.439886	1.014886	5912.498535
2891.844263	1.402046	1.014886	7191.164551
2891.845227	1.363564	1.014886	8505.640625
2891.846162	1.131097	1.014886	9563.216797
2891.847028	0.165641	1.014886	9706.662109
2891.847982	0.094808	1.014886	9797.109375
2891.848914	0.094988	1.014886	9885.637695
2891.849833	0.094937	1.014886	9972.884766
2891.850699	0.094918	1.014886	10055.083984
2891.851649	0.094922	1.014886	10145.259766
2891.852597	0.094874	1.014886	10235.200195
2891.853490	0.094948	1.014886	10319.988281
2891.854408	0.094860	1.014886	10407.069336
2891.855331	0.094871	1.014886	10494.634766
2892.819437	1.063780	0.870419	496.785461
2892.820330	1.528352	0.870419	1861.603760
2892.821255	1.519189	0.870419	3266.854004
2892.822189	1.477800	0.870419	4647.119141
2892.823139	1.436554	0.870419	6011.845703
2892.824031	1.399574	0.870419	7260.265625
2892.824954	1.362180	0.870419	8517.557617
2892.825927	1.056182	0.870419	9545.222656
2892.826854	0.135575	0.870419	9670.900391
2892.827717	0.094794	0.870419	9752.707031
2892.828785	0.094962	0.870419	9854.126953
2892.829830	0.094933	0.870419	9953.332031
2892.830733	0.094863	0.870419	10038.993164
2892.831592	0.094995	0.870419	10120.593750
2892.832670	0.094969	0.870419	10222.970703
2892.833662	0.094933	0.870419	10317.144531
2892.834538	0.094878	0.870419	10400.257812
2892.835517	0.094962	0.870419	10493.225586
2893.864672	1.054526	0.993802	479.809479
2893.865567	1.528184	0.993802	1847.533691
2893.866522	1.518523	0.993802	3297.723145
2893.867462	1.476892	0.993802	4686.001953
2893.868385	1.436887	0.993802	6012.249023
2893.869267	1.400167	0.993802	7247.196289
2893.870240	1.360342	0.993802	8570.808594
2893.871195	1.037699	0.993802	9561.811523
2893.872094	0.134194	0.993802	9682.452148
2893.873270	0.094973	0.993802	9794.140625
2893.874163	0.094860	0.993802	9878.850586
2893.875082	0.094962	0.993802	9966.121094
2893.875948	0.094867	0.993802	10048.275391
2893.876917	0.094933	0.993802	10140.265625
2893.877864	0.094962	0.993802	10230.194336
2893.878766	0.094926	0.993802	10315.817383
2893.879638	0.094955	0.993802	10398.618164
2893.880603	0.094933	0.993802	10490.228516
2894.850245	1.028317	0.914054	443.204468
2894.851119	1.523745	0.914054	1774.957642
2894.851985	1.523049	0.914054	3093.918457
2894.853042	1.478529	0.914054	4656.723633
2894.853958	1.438521	0.914054	5974.408203
2894.854837	1.401207	0.914054	7206.069336
2894.855703	1.364897	0.914054	8388.070312
2894.856752	1.082626	0.914054	9523.745117
2894.857644	0.148261	0.914054	9655.993164
2894.858511	0.094849	0.914054	9738.226562
2894.859498	0.094911	0.914054	9831.903320
2894.860428	0.094889	0.914054	9920.150391
2894.861342	0.094907	0.914054	10006.895508
2894.862219	0.094852	0.914054	10090.081055
2894.863252	0.094893	0.914054	10188.105469
2894.864144	0.094918	0.914054	10272.772461
2894.865065	0.094896	0.914054	10360.171875
2894.865928	0.095002	0.914054	10442.159180
2895.890382	1.051897	0.955960	465.990326
2895.891264	1.525891	0.955960	1811.826416
2895.892143	1.521921	0.955960	3149.595215
2895.893122	1.480657	0.955960	4599.158203
2895.894045	1.439850	0.955960	5928.139648
2895.894972	1.401211	0.955960	7227.062012
2895.895845	1.365663	0.955960	8419.285156
2895.896786	1.150459	0.955960	9501.867187
2895.897728	0.161576	0.955960	9654.071289
2895.898644	0.094845	0.955960	9740.949219
2895.899515	0.094929	0.955960	9823.632812
2895.900484	0.094929	0.955960	9915.619141
2895.901429	0.094973	0.955960	10005.369141
2895.902320	0.094944	0.955960	10089.963867
2895.903227	0.094907	0.955960	10176.044922
2895.904159	0.094889	0.955960	10264.481445
2895.905098	0.094955	0.955960	10353.643555
2895.905977	0.094893	0.955960	10437.053711
2896.879886	1.129138	0.933208	564.569031
2896.880775	1.529264	0.933208	1924.084717
2896.881701	1.517783	0.933208	3329.551758
2896.882567	1.478569	0.933208	4609.992676
2896.883573	1.436854	0.933208	6055.467773
2896.884487	1.397534	0.933208	7332.813965
2896.885380	1.362209	0.933208	8549.266602
2896.886325	1.079055	0.933208	9568.973633
2896.887270	0.135634	0.933208	9697.147461
2896.888193	0.094896	0.933208	9784.736328
2896.889068	0.095002	0.933208	9867.863281
2896.890083	0.094929	0.933208	9964.216797
2896.891030	0.094940	0.933208	10054.125000
2896.891951	0.094933	0.933208	10141.558594
2896.892813	0.094940	0.933208	10223.397461
2896.893785	0.094995	0.933208	10315.732422
2896.894729	0.094922	0.933208	10405.338867
2896.895598	0.094955	0.933208	10487.854492
2897.915941	1.123403	0.935782	580.799500
2897.916856	1.531626	0.935782	1982.237305
2897.917732	1.517530	0.935782	3311.593994
2897.918733	1.474222	0.935782	4787.290527
2897.919746	1.430230	0.935782	6236.113281
2897.920629	1.393323	0.935782	7466.416992
2897.921495	1.357610	0.935782	8642.107422
2897.922590	0.800878	0.935782	9519.068359
2897.923500	0.103224	0.935782	9613.001953
2897.924383	0.094845	0.935782	9696.750000
2897.925357	0.094926	0.935782	9789.207031
2897.926365	0.094893	0.935782	9884.858398
2897.927260	0.094933	0.935782	9969.823242
2897.928121	0.094995	0.935782	10051.614258
2897.929194	0.094966	0.935782	10153.512695
2897.930114	0.094882	0.935782	10240.803711
2897.930983	0.094948	0.935782	10323.313477
2897.931962	0.095006	0.935782	10416.324219
2898.908959	1.121374	0.955549	570.779602
2898.909913	1.532468	0.955549	2032.754150
2898.910780	1.516457	0.955549	3347.522705
2898.911836	1.470494	0.955549	4900.364746
2898.912855	1.426769	0.955549	6354.242187
2898.913741	1.389825	0.955549	7585.627441
2898.914717	1.352399	0.955549	8905.568359
2898.915756	0.636427	0.955549	9566.816406
2898.916681	0.097939	0.955549	9657.410156
2898.917538	0.094940	0.955549	9738.773437
2898.918603	0.095050	0.955549	9840.001953
2898.919606	0.094889	0.955549	9935.175781
2898.920489	0.094933	0.955549	10019.001953
2898.921456	0.094958	0.955549	10110.827148
2898.922496	0.094940	0.955549	10209.564453
2898.923411	0.094867	0.955549	10296.368164
2898.924284	0.094973	0.955549	10379.279297
2898.925351	0.095035	0.955549	10480.681641
2899.940815	1.046840	0.938598	461.656250
2899.941677	1.524280	0.938598	1775.585327
2899.942740	1.515809	0.938598	3386.890625
2899.943633	1.476116	0.938598	4705.062012
2899.944544	1.436605	0.938598	6013.809570
2899.945426	1.399244	0.938598	7247.943359
2899.946405	1.360818	0.938598	8580.183594
2899.947339	1.063920	0.938598	9573.884766
2899.948219	0.141584	0.938598	9698.479492
2899.949257	0.094944	0.938598	9797.031250
2899.950150	0.094874	0.938598	9881.753906
2899.951064	0.094926	0.938598	9968.515625
2899.951945	0.094933	0.938598	10052.151367
2899.952866	0.094958	0.938598	10139.608398
2899.953818	0.094933	0.938598	10229.984375
2899.954695	0.094907	0.938598	10313.217773
2899.955652	0.094966	0.938598	10404.099609
2899.956581	0.094900	0.938598	10492.261719
2900.938677	1.028225	0.952701	432.882751
2900.939677	1.529645	0.952701	1962.527588
2900.940595	1.516992	0.952701	3355.126465
2900.941482	1.477943	0.952701	4666.062012
2900.942380	1.438279	0.952701	5957.636230
2900.943349	1.397915	0.952701	7312.215820
2900.944292	1.360602	0.952701	8595.263672
2900.945189	1.101870	0.952701	9583.640625
2900.946110	0.151337	0.952701	9723.021484
2900.947073	0.094874	0.952701	9814.385742
2900.947995	0.094940	0.952701	9901.920898
2900.948856	0.094955	0.952701	9983.676758
2900.949818	0.094984	0.952701	10075.051758
2900.950758	0.095072	0.952701	10164.419922
2900.951687	0.095002	0.952701	10252.676758
2900.952544	0.095002	0.952701	10334.093750
2900.953497	0.094948	0.952701	10424.579102
2900.954446	0.094988	0.952701	10514.722656
2901.965500	1.025413	0.921119	432.724152
2901.966420	1.524192	0.921119	1834.980591
2901.967385	1.517846	0.921119	3299.701660
2901.968314	1.477086	0.921119	4671.914551
2901.969195	1.438923	0.921119	5939.605957
2901.970134	1.399779	0.921119	7253.998535
2901.971077	1.361510	0.921119	8537.902344
2901.972016	1.097604	0.921119	9568.552734
2901.972881	0.153512	0.921119	9701.340820
2901.973855	0.094841	0.921119	9793.715820
2901.974807	0.094889	0.921119	9884.049805
2901.975696	0.094849	0.921119	9968.370117
2901.976627	0.094911	0.921119	10056.732422
2901.977528	0.094955	0.921119	10142.287109
2901.978474	0.094915	0.921119	10232.076172
2901.979366	0.094966	0.921119	10316.786133
2901.980281	0.094937	0.921119	10403.653320
2901.981246	0.094900	0.921119	10495.231445
2902.968780	1.043833	0.941780	448.848145
2902.969723	1.526715	0.941780	1888.540527
2902.970689	1.516260	0.941780	3353.247559
2902.971621	1.475684	0.941780	4728.584473
2902.972485	1.437631	0.941780	5970.697266
2902.973438	1.397970	0.941780	7302.962891
2902.974399	1.360049	0.941780	8609.969727
2902.975296	1.079165	0.941780	9577.980469
2902.976190	0.147576	0.941780	9709.913086
2902.977142	0.094797	0.941780	9800.160156
2902.978081	0.094885	0.941780	9889.257812
2902.978975	0.094893	0.941780	9974.091797
2902.979886	0.094911	0.941780	10060.555664
2902.980837	0.094991	0.941780	10150.892578
2902.981760	0.094904	0.941780	10238.488281
2902.982627	0.094999	0.941780	10320.852539
2902.983602	0.094962	0.941780	10413.440430
2902.984504	0.094973	0.941780	10499.106445
2903.989757	1.080952	0.949559	532.909424
2903.990711	1.530073	0.949559	1992.599365
2903.991646	1.515201	0.949559	3409.312744
2903.992509	1.476365	0.949559	4683.415527
2903.993453	1.435778	0.949559	6038.789551
2903.994397	1.395949	0.949559	7356.564941
2903.995328	1.359331	0.949559	8622.102539
2903.996195	1.056574	0.949559	9538.151367
2903.997168	0.130602	0.949559	9665.226562
2903.998123	0.094816	0.949559	9755.775391
2903.999013	0.094977	0.949559	9840.304687
2903.999930	0.094973	0.949559	9927.395508
2904.000886	0.094951	0.949559	10018.168945
2904.001813	0.094966	0.949559	10106.202148
2904.002677	0.094973	0.949559	10188.258789
2904.003604	0.094984	0.949559	10276.308594
2904.004543	0.094896	0.949559	10365.416016
2904.005460	0.094907	0.949559	10452.446289
2904.998336	1.029683	0.940963	435.555756
2904.999265	1.523888	0.940963	1851.247681
2905.000200	1.518322	0.940963	3270.878418
2905.001119	1.478463	0.940963	4629.585937
2905.002012	1.439652	0.940963	5915.195312
2905.002906	1.402211	0.940963	7168.771484
2905.003862	1.363414	0.940963	8472.195312
2905.004810	1.118683	0.940963	9532.707031
2905.005700	0.161195	0.940963	9676.170898
2905.006630	0.094871	0.940963	9764.400391
2905.007577	0.094871	0.940963	9854.243164
2905.008482	0.095032	0.940963	9940.247070
2905.009356	0.094980	0.940963	10023.259766
2905.010296	0.094951	0.940963	10112.513672
2905.011232	0.095043	0.940963	10201.473633
2905.012133	0.094926	0.940963	10287.001953
2905.012994	0.094929	0.940963	10368.736328
2905.013958	0.094969	0.940963	10460.287109
2906.015180	1.049711	0.960383	461.872742
2906.016050	1.524554	0.960383	1788.235107
2906.017033	1.518171	0.960383	3280.597656
2906.017969	1.477258	0.960383	4663.311523
2906.018857	1.438568	0.960383	5940.759766
2906.019770	1.401031	0.960383	7219.901367
2906.020733	1.362975	0.960383	8532.446289
2906.021656	1.122114	0.960383	9568.158203
2906.022524	0.162777	0.960383	9709.448242
2906.023447	0.094775	0.960383	9796.925781
2906.024402	0.094915	0.960383	9887.569336
2906.025318	0.094948	0.960383	9974.541016
2906.026190	0.094882	0.960383	10057.277344
2906.027167	0.094904	0.960383	10149.998047
2906.028120	0.094889	0.960383	10240.426758
2906.029013	0.094911	0.960383	10325.182617
2906.029899	0.094907	0.960383	10409.270508
2906.030851	0.094955	0.960383	10499.667969
2907.028725	1.087343	0.907093	514.312988
2907.029606	1.527832	0.907093	1860.333008
2907.030579	1.517157	0.907093	3336.526855
2907.031653	1.470322	0.907093	4915.652832
2907.032577	1.430145	0.907093	6237.106934
2907.033437	1.393022	0.907093	7435.106445
2907.034504	1.351926	0.907093	8877.611328
2907.035505	0.679860	0.907093	9558.150391
2907.036399	0.099928	0.907093	9647.486328
2907.037392	0.094926	0.907093	9741.747070
2907.038452	0.094991	0.907093	9842.438477
2907.039356	0.095013	0.907093	9928.331055
2907.040221	0.094977	0.907093	10010.486328
2907.041312	0.095083	0.907093	10114.221680
2907.042288	0.094940	0.907093	10206.882812
2907.043157	0.094918	0.907093	10289.367187
2907.044247	0.094955	0.907093	10392.868164
2907.045272	0.094962	0.907093	10490.204102
2908.040127	1.036505	0.985709	444.660675
2908.040990	1.522910	0.985709	1758.932129
2908.042070	1.514872	0.985709	3394.993652
2908.042964	1.475479	0.985709	4714.071289
2908.043852	1.437316	0.985709	5990.407227
2908.044872	1.395557	0.985709	7413.875000
2908.045798	1.357797	0.985709	8671.194336
2908.046736	0.987664	0.985709	9597.623047
2908.047597	0.128020	0.985709	9707.848633
2908.048637	0.094893	0.985709	9806.537109
2908.049510	0.094958	0.985709	9889.435547
2908.050385	0.094889	0.985709	9972.462891
2908.051334	0.094944	0.985709	10062.564453
2908.052298	0.094874	0.985709	10154.023437
2908.053209	0.094856	0.985709	10240.437500
2908.054090	0.094922	0.985709	10324.063477
2908.055129	0.094922	0.985709	10422.687500
2908.056029	0.094812	0.985709	10508.018555
2909.058776	1.059939	0.887708	462.133423
2909.059664	1.526034	0.887708	1817.251465
2909.060545	1.521416	0.887708	3157.619141
2909.061408	1.482228	0.887708	4436.781738
2909.062411	1.440062	0.887708	5881.164062
2909.063353	1.401021	0.887708	7200.925293
2909.064254	1.364963	0.887708	8430.757812
2909.065183	1.167462	0.887708	9515.330078
2909.066159	0.159119	0.887708	9670.629883
2909.067076	0.094819	0.887708	9757.579102
2909.067945	0.094955	0.887708	9840.094727
2909.068923	0.094907	0.887708	9932.914062
2909.069860	0.094863	0.887708	10021.800781
2909.070790	0.094958	0.887708	10110.112305
2909.071650	0.094896	0.887708	10191.722656
2909.072598	0.094863	0.887708	10281.653320
2909.073533	0.094893	0.887708	10370.377930
2909.074413	0.094911	0.887708	10453.899414
2910.066112	1.036981	1.013557	446.938904
2910.066990	1.524122	1.013557	1785.118408
2910.067856	1.521145	1.013557	3102.429932
2910.068867	1.479126	1.013557	4597.826172
2910.069790	1.439183	1.013557	5926.192383
2910.070678	1.402035	1.013557	7171.199219
2910.071639	1.365033	1.013557	8482.996094
2910.072554	1.132863	1.013557	9519.565430
2910.073481	0.156793	1.013557	9664.913086
2910.074373	0.094808	1.013557	9749.482422
2910.075294	0.094958	1.013557	9836.939453
2910.076259	0.094933	1.013557	9928.549805
2910.077181	0.094966	1.013557	10016.108398
2910.078057	0.094937	1.013557	10099.272461
2910.079001	0.094940	1.013557	10188.896484
2910.079928	0.094955	1.013557	10276.919922
2910.080858	0.094933	1.013557	10365.207031
2910.081717	0.094969	1.013557	10446.786133
2911.088864	1.070167	0.856457	478.364777
2911.089793	1.528630	0.856457	1898.462402
2911.090675	1.519380	0.856457	3238.555420
2911.091636	1.478375	0.856457	4659.273926
2911.092592	1.437140	0.856457	6033.179687
2911.093508	1.397977	0.856457	7313.727051
2911.094392	1.362539	0.856457	8518.211914
2911.095324	1.094901	0.856457	9538.660156
2911.096271	0.138040	0.856457	9669.383789
2911.097199	0.094860	0.856457	9757.413086
2911.098063	0.094937	0.856457	9839.438477
2911.099030	0.094951	0.856457	9931.255859
2911.099973	0.094926	0.856457	10020.770508
2911.100862	0.094958	0.856457	10105.188477
2911.101784	0.094852	0.856457	10192.642578
2911.102730	0.094863	0.856457	10282.382812
2911.103639	0.094977	0.856457	10368.716797
2911.104520	0.094999	0.856457	10452.411133
2912.092889	1.039109	1.018838	472.794525
2912.093784	1.527070	1.018838	1839.522583
2912.094703	1.519607	1.018838	3236.041260
2912.095627	1.478101	1.018838	4601.806152
2912.096581	1.437455	1.018838	5973.138184
2912.097466	1.400559	1.018838	7212.632812
2912.098386	1.363132	1.018838	8466.714844
2912.099340	1.110201	1.018838	9525.846680
2912.100275	0.149989	1.018838	9666.085937
2912.101148	0.094882	1.018838	9748.917969
2912.102116	0.094926	1.018838	9840.805664
2912.103035	0.094885	1.018838	9928.004883
2912.103952	0.094874	1.018838	10015.004883
2912.104818	0.094878	1.018838	10097.168945
2912.105795	0.094863	1.018838	10189.850586
2912.106741	0.094896	1.018838	10279.622070
2912.107627	0.094962	1.018838	10363.758789
2912.108552	0.094900	1.018838	10451.541016
2913.118179	1.076466	0.867957	498.403809
2913.119066	1.527645	0.867957	1853.425171
2913.119948	1.520442	0.867957	3194.455078
2913.120918	1.479064	0.867957	4629.146973
2913.121883	1.436953	0.867957	6015.806641
2913.122805	1.398534	0.867957	7305.254883
2913.123675	1.363290	0.867957	8491.317383
2913.124702	1.038761	0.867957	9558.125000
2913.125584	0.136934	0.867957	9678.900391
2913.126509	0.094838	0.867957	9766.625000
2913.127367	0.094937	0.867957	9848.080078
2913.128324	0.094951	0.867957	9938.948242
2913.129251	0.094893	0.867957	10026.914062
2913.130134	0.094973	0.867957	10110.775391
2913.131114	0.095032	0.867957	10203.906250
2913.132032	0.094922	0.867957	10291.044922
2913.132951	0.095024	0.867957	10378.372070
2913.133829	0.094937	0.867957	10461.726562
2914.119361	1.036190	1.038158	444.525635
2914.120238	1.524016	1.038158	1781.087769
2914.121220	1.518992	1.038158	3272.737549
2914.122133	1.477482	1.038158	4621.678223
2914.123062	1.437935	1.038158	5957.519531
2914.123947	1.400889	1.038158	7197.305664
2914.124864	1.364084	1.038158	8448.170898
2914.125817	1.132119	1.038158	9527.080078
2914.126747	0.155786	1.038158	9671.960937
2914.127610	0.094863	1.038158	9753.828125
2914.128578	0.094933	1.038158	9845.722656
2914.129503	0.094926	1.038158	9933.528320
2914.130397	0.094969	1.038158	10018.430664
2914.131272	0.094966	1.038158	10101.525391
2914.132240	0.094874	1.038158	10193.363281
2914.133185	0.094911	1.038158	10283.053711
2914.134075	0.094951	1.038158	10367.560547
2914.134990	0.094904	1.038158	10454.397461
2915.146436	1.050461	0.845508	449.597473
2915.147324	1.525865	0.845508	1804.565918
2915.148243	1.519618	0.845508	3201.094727
2915.149206	1.478225	0.845508	4624.625488
2915.150135	1.438275	0.845508	5960.783203
2915.151002	1.401669	0.845508	7176.029785
2915.151976	1.363323	0.845508	8503.906250
2915.152936	1.100369	0.845508	9560.259766
2915.153837	0.148169	0.845508	9693.759766
2915.154755	0.094885	0.845508	9780.864258
2915.155686	0.094885	0.845508	9869.202148
2915.156618	0.094911	0.845508	9957.659180
2915.157500	0.094860	0.845508	10041.325195
2915.158409	0.094918	0.845508	10127.605469
2915.159366	0.094962	0.845508	10218.484375
2915.160296	0.094991	0.845508	10306.826172
2915.161167	0.094933	0.845508	10389.512695
2915.162149	0.094958	0.845508	10482.761719
2916.146110	1.032143	1.071650	441.757416
2916.147135	1.529048	1.071650	2009.031494
2916.148110	1.512407	1.071650	3483.628418
2916.149027	1.472073	1.071650	4833.519043
2916.149905	1.434210	1.071650	6092.755859
2916.150972	1.390642	1.071650	7576.570801
2916.151868	1.354702	1.071650	8790.383789
2916.152753	0.946212	1.071650	9627.781250
2916.153622	0.121106	1.071650	9733.022461
2916.154670	0.094896	1.071650	9832.473633
2916.155563	0.094955	1.071650	9917.268555
2916.156431	0.094962	1.071650	9999.695312
2916.157439	0.095010	1.071650	10095.464844
2916.158342	0.094948	1.071650	10181.202148
2916.159259	0.094991	1.071650	10268.309570
2916.160138	0.094984	1.071650	10351.800781
2916.161177	0.094885	1.071650	10450.386719
2916.162074	0.094995	1.071650	10535.597656
2917.174198	1.029265	0.834845	433.320648
2917.175158	1.527499	0.834845	1899.719482
2917.176092	1.517622	0.834845	3317.178467
2917.176983	1.478240	0.834845	4634.290039
2917.177875	1.439663	0.834845	5918.469727
2917.178831	1.399395	0.834845	7256.291016
2917.179784	1.362063	0.834845	8554.336914
2917.180681	1.131899	0.834845	9569.650391
2917.181616	0.160360	0.834845	9719.586914
2917.182566	0.094874	0.834845	9809.717773
2917.183489	0.094973	0.834845	9897.377930
2917.184347	0.095013	0.834845	9978.899414
2917.185305	0.094962	0.834845	10069.873047
2917.186222	0.094980	0.834845	10156.969727
2917.187153	0.094973	0.834845	10245.389648
2917.188014	0.094984	0.834845	10327.170898
2917.188982	0.094980	0.834845	10419.112305
2917.189928	0.094969	0.834845	10508.953125
2918.173469	1.113860	1.067787	566.954712
2918.174474	1.533105	1.067787	2107.725586
2918.175358	1.513158	1.067787	3445.357178
2918.176369	1.469594	1.067787	4931.116211
2918.177410	1.425355	1.067787	6414.911133
2918.178303	1.387500	1.067787	7653.948730
2918.179166	1.351516	1.067787	8820.306641
2918.180280	0.620980	1.067787	9512.078125
2918.181235	0.096903	1.067787	9604.620117
2918.182104	0.095010	1.067787	9687.183594
2918.183126	0.095028	1.067787	9784.302734
2918.184167	0.094955	1.067787	9883.150391
2918.185060	0.094962	1.067787	9967.951172
2918.185976	0.094995	1.067787	10054.966797
2918.187048	0.095024	1.067787	10156.833008
2918.187997	0.094977	1.067787	10246.965820
2918.188866	0.094984	1.067787	10329.506836
2918.189923	0.095098	1.067787	10430.025391
2919.201221	1.037377	0.833636	449.184082
2919.202090	1.524511	0.833636	1773.983765
2919.203140	1.515033	0.833636	3364.768311
2919.204181	1.469883	0.833636	4894.916504
2919.205083	1.431248	0.833636	6185.901855
2919.206047	1.391917	0.833636	7527.709473
2919.207101	1.349839	0.833636	8950.439453
2919.208036	0.707794	0.833636	9612.226562
2919.208897	0.101591	0.833636	9699.696289
2919.209979	0.095032	0.833636	9802.520508
2919.210965	0.094973	0.833636	9896.164062
2919.211857	0.095006	0.833636	9980.909180
2919.212836	0.095013	0.833636	10073.927734
2919.213890	0.095024	0.833636	10174.083008
2919.214795	0.094948	0.833636	10260.010742
2919.215654	0.094958	0.833636	10341.580078
2919.216755	0.095039	0.833636	10446.217773
2919.217725	0.094933	0.833636	10538.302734
2920.201173	1.058833	1.051661	462.710022
2920.202044	1.524924	1.051661	1790.919189
2920.203092	1.514183	1.051661	3377.783447
2920.204119	1.469758	1.051661	4887.225098
2920.205012	1.431321	1.051661	6165.394531
2920.205972	1.391803	1.051661	7501.525391
2920.207038	1.349883	1.051661	8940.500000
2920.207967	0.719626	1.051661	9609.033203
2920.208830	0.102059	1.051661	9697.110352
2920.209910	0.095002	1.051661	9799.712891
2920.210902	0.094863	1.051661	9893.817383
2920.211798	0.094860	1.051661	9978.811523
2920.212777	0.094988	1.051661	10071.804687
2920.213803	0.094969	1.051661	10169.243164
2920.214711	0.095032	1.051661	10255.532227
2920.215569	0.094933	1.051661	10336.984375
2920.216653	0.094984	1.051661	10439.947266
2920.217622	0.094969	1.051661	10531.972656
2921.227246	1.082659	0.838672	513.180176
2921.228129	1.527902	0.838672	1862.317261
2921.228995	1.520654	0.838672	3179.203857
2921.230036	1.475658	0.838672	4715.363770
2921.230993	1.434606	0.838672	6088.281250
2921.231876	1.397629	0.838672	7322.387695
2921.232811	1.360774	0.838672	8594.710937
2921.233877	0.899557	0.838672	9553.638672
2921.234769	0.111390	0.838672	9652.999023
2921.235633	0.094900	0.838672	9734.992187
2921.236674	0.095017	0.838672	9833.905273
2921.237637	0.094933	0.838672	9925.325195
2921.238513	0.095010	0.838672	10008.553711
2921.239427	0.095006	0.838672	10095.389648
2921.240490	0.095006	0.838672	10196.380859
2921.241366	0.095057	0.838672	10279.651367
2921.242229	0.095006	0.838672	10361.641602
2921.243242	0.095024	0.838672	10457.901367
2922.228918	1.023428	1.044116	430.863068
2922.229877	1.522804	1.044116	1891.231934
2922.230842	1.515608	1.044116	3353.793457
2922.231758	1.475940	1.044116	4705.754395
2922.232645	1.437103	1.044116	5980.464844
2922.233681	1.395048	1.044116	7425.734375
2922.234595	1.358115	1.044116	8667.051758
2922.235483	1.044730	1.044116	9594.772461
2922.236386	0.138845	1.044116	9720.149414
2922.237415	0.094922	1.044116	9817.824219
2922.238300	0.094962	1.044116	9901.866211
2922.239169	0.095006	1.044116	9984.426758
2922.240151	0.094944	1.044116	10077.661133
2922.241077	0.094973	1.044116	10165.606445
2922.241988	0.095010	1.044116	10252.160156
2922.242863	0.095013	1.044116	10335.296875
2922.243892	0.094911	1.044116	10432.959961
2922.244782	0.094922	1.044116	10517.440430
2923.253756	1.096652	0.828258	520.909485
2923.254645	1.528561	0.828258	1879.800049
2923.255526	1.519874	0.828258	3218.809082
2923.256502	1.478123	0.828258	4661.457031
2923.257475	1.435843	0.828258	6058.532715
2923.258402	1.397369	0.828258	7353.894043
2923.259268	1.362162	0.828258	8533.526367
2923.260299	0.975077	0.828258	9538.831055
2923.261206	0.121176	0.828258	9648.737305
2923.262122	0.094885	0.828258	9735.652344
2923.262995	0.094966	0.828258	9818.557617
2923.263937	0.095024	0.828258	9908.070312
2923.264880	0.094933	0.828258	9997.591797
2923.265777	0.095002	0.828258	10082.808594
2923.266753	0.095010	0.828258	10175.538086
2923.267673	0.094951	0.828258	10262.893555
2923.268587	0.095028	0.828258	10349.749023
2923.269463	0.094966	0.828258	10432.939453
2924.257211	1.031924	1.004010	436.503815
2924.258174	1.526986	1.004010	1906.991333
2924.259110	1.516395	1.004010	3326.337402
2924.260002	1.477401	1.004010	4644.179199
2924.260913	1.439019	1.004010	5955.125000
2924.261838	1.398790	1.004010	7249.005859
2924.262796	1.361312	1.004010	8553.142578
2924.263696	1.125234	1.004010	9565.853516
2924.264619	0.153944	1.004010	9707.944336
2924.265564	0.094933	1.004010	9797.656250
2924.266482	0.094940	1.004010	9884.811523
2924.267345	0.095021	1.004010	9966.814453
2924.268310	0.094999	1.004010	10058.488281
2924.269217	0.094944	1.004010	10144.602539
2924.270112	0.094958	1.004010	10229.590820
2924.271124	0.094958	1.004010	10325.688477
2924.272093	0.094951	1.004010	10417.696289
2924.273025	0.094955	1.004010	10506.194336
2925.280444	1.025512	0.781252	433.791351
2925.281372	1.523730	0.781252	1847.813232
2925.282327	1.517659	0.781252	3297.177246
2925.283267	1.476508	0.781252	4685.094238
2925.284145	1.438693	0.781252	5948.266602
2925.285092	1.398307	0.781252	7272.462891
2925.286055	1.360118	0.781252	8582.256836
2925.286981	1.069512	0.781252	9572.625000
2925.287848	0.144924	0.781252	9698.274414
2925.288825	0.094764	0.781252	9790.859375
2925.289750	0.094940	0.781252	9878.678711
2925.290613	0.094878	0.781252	9960.558594
2925.291584	0.094980	0.781252	10052.784180
2925.292470	0.094973	0.781252	10136.930664
2925.293396	0.094951	0.781252	10224.855469
2925.294270	0.094893	0.781252	10307.791992
2925.295243	0.094948	0.781252	10400.175781
2925.296187	0.094955	0.781252	10489.813477
2926.285259	1.049015	0.986116	451.076416
2926.286184	1.528092	0.986116	1864.561523
2926.287057	1.518944	0.986116	3190.599609
2926.288046	1.476731	0.986116	4651.086426
2926.289000	1.435876	0.986116	6020.912598
2926.289902	1.398351	0.986116	7282.225098
2926.290821	1.361997	0.986116	8533.900391
2926.291797	1.052827	0.986116	9561.459961
2926.292728	0.132023	0.986116	9684.373047
2926.293593	0.094900	0.986116	9766.461914
2926.294566	0.094940	0.986116	9858.838867
2926.295485	0.094984	0.986116	9946.128906
2926.296395	0.094962	0.986116	10032.544922
2926.297274	0.095013	0.986116	10116.061523
2926.298231	0.094988	0.986116	10206.964844
2926.299169	0.094977	0.986116	10296.052734
2926.300065	0.094988	0.986116	10381.162109
2926.300978	0.094951	0.986116	10467.852539
2927.306988	1.050513	0.771793	498.993530
2927.307928	1.530450	0.771793	1937.616943
2927.308852	1.516696	0.771793	3339.043701
2927.309722	1.478049	0.771793	4624.946289
2927.310677	1.436609	0.771793	5996.907715
2927.311617	1.397563	0.771793	7310.617187
2927.312550	1.361001	0.771793	8580.431641
2927.313415	1.100083	0.771793	9532.003906
2927.314368	0.146371	0.771793	9671.495117
2927.315313	0.094830	0.771793	9761.109375
2927.316212	0.094841	0.771793	9846.372070
2927.317126	0.094878	0.771793	9933.090820
2927.318051	0.094889	0.771793	10020.863281
2927.318985	0.094885	0.771793	10109.486328
2927.319877	0.094962	0.771793	10194.192383
2927.320812	0.094900	0.771793	10282.923828
2927.321768	0.094926	0.771793	10373.672852
2927.322687	0.094915	0.771793	10460.899414
2928.314098	1.068497	0.938087	515.015686
2928.315052	1.530004	0.938087	1974.639160
2928.315980	1.515271	0.938087	3380.810547
2928.316864	1.476218	0.938087	4685.787598
2928.317821	1.435111	0.938087	6059.188965
2928.318755	1.395623	0.938087	7362.700195
2928.319684	1.359294	0.938087	8625.484375
2928.320546	1.051055	0.938087	9531.493164
2928.321531	0.132964	0.938087	9662.462891
2928.322457	0.094863	0.938087	9750.306641
2928.323323	0.094819	0.938087	9832.419922
2928.324269	0.094878	0.938087	9922.174805
2928.325225	0.094922	0.938087	10012.919922
2928.326114	0.094929	0.938087	10097.311523
2928.326996	0.094929	0.938087	10181.039062
2928.327943	0.094918	0.938087	10270.926758
2928.328895	0.094882	0.938087	10361.253906
2928.329790	0.094918	0.938087	10446.206055
2929.332699	1.057606	0.753344	473.807587
2929.333566	1.525638	0.753344	1796.536133
2929.334545	1.518721	0.753344	3283.363770
2929.335473	1.477690	0.753344	4654.660156
2929.336370	1.437854	0.753344	5944.415039
2929.337259	1.400372	0.753344	7189.346191
2929.338227	1.361858	0.753344	8507.625000
2929.339181	1.081311	0.753344	9539.195312
2929.340075	0.145217	0.753344	9669.019531
2929.340996	0.094790	0.753344	9756.321289
2929.341947	0.094863	0.753344	9846.536133
2929.342867	0.094845	0.753344	9933.793945
2929.343731	0.094889	0.753344	10015.778320
2929.344700	0.094926	0.753344	10107.760742
2929.345619	0.094863	0.753344	10194.940430
2929.346534	0.094926	0.753344	10281.796875
2929.347391	0.094834	0.753344	10363.069336
2929.348349	0.094860	0.753344	10453.945312
2930.342616	1.070039	0.923375	476.167358
2930.343494	1.525913	0.923375	1815.918945
2930.344438	1.518285	0.923375	3249.179932
2930.345403	1.476768	0.923375	4674.260742
2930.346321	1.436982	0.923375	5993.410645
2930.347188	1.400105	0.923375	7207.301758
2930.348159	1.361968	0.923375	8529.772461
2930.349107	1.082922	0.923375	9556.382812
2930.349992	0.145214	0.923375	9684.896484
2930.350934	0.094753	0.923375	9774.154297
2930.351869	0.094889	0.923375	9862.875000
2930.352787	0.094933	0.923375	9950.023437
2930.353648	0.094889	0.923375	10031.722656
2930.354627	0.094885	0.923375	10124.615234
2930.355565	0.094937	0.923375	10213.666016
2930.356453	0.094867	0.923375	10297.908203
2930.357347	0.094926	0.923375	10382.771484
2930.358291	0.094911	0.923375	10472.367187
2931.357109	1.041621	0.764160	436.439240
2931.358096	1.529788	0.764160	1946.339478
2931.359031	1.515586	0.764160	3363.412354
2931.359956	1.475361	0.764160	4728.121582
2931.360827	1.436569	0.764160	5979.373047
2931.361926	1.392177	0.764160	7509.375000
2931.362948	1.352117	0.764160	8891.238281
2931.363846	0.834357	0.764160	9640.490234
2931.364805	0.107780	0.764160	9743.850586
2931.365833	0.094871	0.764160	9841.377930
2931.366766	0.094926	0.764160	9929.943359
2931.367626	0.094999	0.764160	10011.642578
2931.368694	0.095076	0.764160	10113.183594
2931.369701	0.094860	0.764160	10208.707031
2931.370583	0.094948	0.764160	10292.451172
2931.371552	0.094973	0.764160	10384.480469
2931.372600	0.094860	0.764160	10483.893555
2931.373504	0.094900	0.764160	10569.682617
2932.371160	1.056207	0.868949	480.574310
2932.372258	1.532208	0.868949	2162.938965
2932.373215	1.508774	0.868949	3606.835937
2932.374087	1.469736	0.868949	4888.446289
2932.375111	1.425978	0.868949	6348.647461
2932.376132	1.384112	0.868949	7761.826172
2932.377033	1.348843	0.868949	8977.133789
2932.378005	0.676736	0.868949	9634.920898
2932.379048	0.096621	0.868949	9735.696289
2932.379981	0.094937	0.868949	9824.272461
2932.380841	0.094977	0.868949	9905.952148
2932.381918	0.094988	0.868949	10008.253906
2932.382918	0.094885	0.868949	10103.138672
2932.383808	0.094911	0.868949	10187.609375
2932.384775	0.094999	0.868949	10279.473633
2932.385818	0.094929	0.868949	10378.484375
2932.386727	0.094918	0.868949	10464.764648
2932.387588	0.094951	0.868949	10546.517578
2933.382874	1.071002	0.758665	485.163971
2933.383757	1.526906	0.758665	1833.421509
2933.384742	1.516989	0.758665	3327.655273
2933.385782	1.471959	0.758665	4858.493164
2933.386689	1.432452	0.758665	6157.727539
2933.387552	1.395084	0.758665	7361.685547
2933.388652	1.353010	0.758665	8849.997070
2933.389652	0.721117	0.758665	9571.114258
2933.390533	0.101700	0.758665	9660.711914
2933.391569	0.094918	0.758665	9759.046875
2933.392602	0.094867	0.758665	9857.043945
2933.393488	0.095013	0.758665	9941.225586
2933.394368	0.095054	0.758665	10024.873047
2933.395453	0.095021	0.758665	10127.970703
2933.396394	0.094969	0.758665	10217.336914
2933.397267	0.095010	0.758665	10300.280273
2933.398155	0.094999	0.758665	10384.639648
2933.399242	0.094966	0.758665	10487.867187
2934.401244	1.075906	0.809229	489.537140
2934.402140	1.527839	0.809229	1858.481079
2934.403059	1.518530	0.809229	3254.010254
2934.404019	1.476738	0.809229	4671.678711
2934.404945	1.436942	0.809229	6002.287109
2934.405811	1.400376	0.809229	7215.012695
2934.406777	1.362433	0.809229	8531.123047
2934.407716	1.085515	0.809229	9550.421875
2934.408637	0.142606	0.809229	9681.761719
2934.409496	0.094731	0.809229	9763.135742
2934.410469	0.094812	0.809229	9855.387695
2934.411393	0.094878	0.809229	9943.054687
2934.412290	0.094915	0.809229	10028.193359
2934.413204	0.094896	0.809229	10114.928711
2934.414154	0.094907	0.809229	10205.090820
2934.415081	0.094922	0.809229	10293.083008
2934.415959	0.094918	0.809229	10376.420898
2934.416906	0.094900	0.809229	10466.291016
2935.406549	1.060558	0.788451	473.008850
2935.407413	1.524928	0.788451	1790.546631
2935.408515	1.513147	0.788451	3458.034668
2935.409492	1.470476	0.788451	4894.689453
2935.410357	1.432647	0.788451	6133.928711
2935.411388	1.389917	0.788451	7566.933105
2935.412462	1.348781	0.788451	9015.523437
2935.413343	0.714485	0.788451	9644.984375
2935.414280	0.101869	0.788451	9740.435547
2935.415341	0.095010	0.788451	9841.241211
2935.416287	0.094955	0.788451	9931.068359
2935.417151	0.094896	0.788451	10013.058594
2935.418178	0.094988	0.788451	10110.611328
2935.419198	0.094991	0.788451	10207.502930
2935.420098	0.094926	0.788451	10292.935547
2935.421054	0.094918	0.788451	10383.677734
2935.422122	0.094977	0.788451	10485.113281
2935.423058	0.094929	0.788451	10573.966797
2936.430004	1.023073	0.776728	429.690491
2936.430979	1.523906	0.776728	1915.499023
2936.432041	1.511049	0.776728	3520.232666
2936.432969	1.470099	0.776728	4884.484375
2936.433836	1.431808	0.776728	6125.861816
2936.434920	1.387950	0.776728	7630.399902
2936.435916	1.348872	0.776728	8973.876953
2936.436817	0.730074	0.776728	9631.673828
2936.437813	0.101045	0.776728	9732.314453
2936.438857	0.094834	0.776728	9831.321289
2936.439752	0.094911	0.776728	9916.266602
2936.440611	0.094918	0.776728	9997.801758
2936.441689	0.094969	0.776728	10100.178711
2936.442667	0.094860	0.776728	10192.951172
2936.443547	0.094852	0.776728	10276.420898
2936.444546	0.094973	0.776728	10371.298828
2936.445598	0.094955	0.776728	10471.191406
2936.446470	0.094915	0.776728	10553.957031
2937.430466	1.047916	0.792483	448.508179
2937.431558	1.531099	0.792483	2120.467773
2937.432551	1.508317	0.792483	3618.226074
2937.433435	1.469436	0.792483	4917.207520
2937.434459	1.426417	0.792483	6377.858887
2937.435514	1.383051	0.792483	7836.977051
2937.436405	1.347470	0.792483	9037.572266
2937.437307	0.676069	0.792483	9647.386719
2937.438399	0.096573	0.792483	9752.844727
2937.439350	0.094863	0.792483	9843.059570
2937.440209	0.094907	0.792483	9924.584961
2937.441234	0.095039	0.792483	10022.000000
2937.442273	0.094955	0.792483	10120.658203
2937.443164	0.094962	0.792483	10205.269531
2937.444099	0.094966	0.792483	10294.062500
2937.445166	0.095035	0.792483	10395.464844
2937.446098	0.094885	0.792483	10483.897461
2937.446969	0.094933	0.792483	10566.583984
2938.460343	1.037728	0.737549	435.845825
2938.461435	1.531263	0.737549	2107.985352
2938.462427	1.509060	0.737549	3604.973145
2938.463303	1.470366	0.737549	4893.013672
2938.464296	1.427791	0.737549	6310.809570
2938.465371	1.384471	0.737549	7799.116211
2938.466257	1.348762	0.737549	8994.119141
2938.467133	0.716437	0.737549	9621.717773
2938.468238	0.097009	0.737549	9728.913086
2938.469205	0.094823	0.737549	9820.606445
2938.470071	0.094871	0.737549	9902.764648
2938.471081	0.094904	0.737549	9998.617187
2938.472126	0.094955	0.737549	10097.844727
2938.473018	0.094937	0.737549	10182.528320
2938.473934	0.094944	0.737549	10269.497070
2938.475004	0.094878	0.737549	10371.016602
2938.475951	0.094900	0.737549	10460.886719
2938.476829	0.094999	0.737549	10544.295898
2939.454906	1.043368	0.835062	442.388031
2939.455882	1.529363	0.835062	1935.046143
2939.456812	1.515974	0.835062	3344.902100
2939.457709	1.476896	0.835062	4669.677734
2939.458660	1.437059	0.835062	6036.321289
2939.459587	1.396692	0.835062	7331.054687
2939.460526	1.359741	0.835062	8607.851562
2939.461431	1.084559	0.835062	9589.377930
2939.462366	0.140691	0.835062	9720.923828
2939.463316	0.094827	0.835062	9811.008789
2939.464237	0.094907	0.835062	9898.417969
2939.465094	0.094856	0.835062	9979.709961
2939.466038	0.094937	0.835062	10069.330078
2939.466994	0.094893	0.835062	10160.047852
2939.467889	0.094911	0.835062	10244.993164
2939.468759	0.094878	0.835062	10327.537109
2939.469722	0.094874	0.835062	10418.901367
2939.470667	0.094834	0.835062	10508.519531
2940.489157	1.037944	0.722237	449.429901
2940.490025	1.524415	0.722237	1772.622314
2940.491082	1.514733	0.722237	3373.694824
2940.492095	1.470502	0.722237	4863.312988
2940.492989	1.432251	0.722237	6143.745117
2940.493974	1.391993	0.722237	7514.858398
2940.495024	1.350388	0.722237	8932.765625
2940.495948	0.739464	0.722237	9616.030273
2940.496809	0.102799	0.722237	9704.540039
2940.497908	0.094977	0.722237	9808.919922
2940.498901	0.094962	0.722237	9903.217773
2940.499789	0.094904	0.722237	9987.492187
2940.500772	0.095068	0.722237	10080.944336
2940.501827	0.094911	0.722237	10181.075195
2940.502732	0.094977	0.722237	10267.029297
2940.503595	0.094991	0.722237	10349.006836
2940.504683	0.094918	0.722237	10452.278320
2940.505637	0.094926	0.722237	10542.836914
2941.479868	1.033352	0.850325	437.107910
2941.480907	1.529553	0.850325	2026.313843
2941.481931	1.509404	0.850325	3571.943848
2941.482828	1.469864	0.850325	4890.412109
2941.483799	1.429270	0.850325	6278.233398
2941.484854	1.384980	0.850325	7739.387695
2941.485787	1.348297	0.850325	8997.348633
2941.486665	0.731008	0.850325	9639.173828
2941.487753	0.097214	0.850325	9744.943359
2941.488746	0.094915	0.850325	9839.193359
2941.489633	0.094951	0.850325	9923.415039
2941.490617	0.095065	0.850325	10016.958984
2941.491657	0.095017	0.850325	10115.776367
2941.492555	0.094922	0.850325	10201.016602
2941.493413	0.094929	0.850325	10282.465820
2941.494505	0.094955	0.850325	10386.156250
2941.495500	0.094911	0.850325	10480.592773
2941.496377	0.094966	0.850325	10563.877930
2942.517751	1.063942	0.694828	516.011658
2942.518740	1.533395	0.694828	2032.539062
2942.519652	1.513887	0.694828	3413.203613
2942.520553	1.474508	0.694828	4741.735352
2942.521578	1.431793	0.694828	6209.323242
2942.522482	1.392682	0.694828	7468.307617
2942.523407	1.356621	0.694828	8723.181641
2942.524278	0.951530	0.694828	9551.963867
2942.525319	0.107926	0.694828	9664.314453
2942.526194	0.094948	0.694828	9747.393555
2942.527069	0.094951	0.694828	9830.475586
2942.528066	0.094893	0.694828	9925.083008
2942.529001	0.094966	0.694828	10013.875977
2942.529917	0.094991	0.694828	10100.887695
2942.530783	0.094871	0.694828	10183.045898
2942.531830	0.094988	0.694828	10282.498047
2942.532721	0.094977	0.694828	10367.122070
2942.533639	0.094991	0.694828	10454.324219
2943.505147	1.099208	0.903938	524.322083
2943.506031	1.527784	0.903938	1874.883545
2943.506903	1.519764	0.903938	3200.118164
2943.507883	1.477438	0.903938	4648.007324
2943.508828	1.436063	0.903938	6005.086914
2943.509747	1.397824	0.903938	7289.686523
2943.510632	1.362206	0.903938	8495.238281
2943.511681	1.005315	0.903938	9549.813477
2943.512575	0.125438	0.903938	9661.955078
2943.513456	0.094805	0.903938	9745.477539
2943.514395	0.094969	0.903938	9834.654297
2943.515374	0.094893	0.903938	9927.553711
2943.516291	0.094944	0.903938	10014.617187
2943.517156	0.094922	0.903938	10096.724609
2943.518215	0.094929	0.903938	10197.254883
2943.519096	0.094852	0.903938	10280.819336
2943.519985	0.094973	0.903938	10365.250000
2943.520882	0.094966	0.903938	10450.434570
2944.544956	1.029822	0.681100	434.584778
2944.545870	1.524825	0.681100	1828.275146
2944.546833	1.518201	0.681100	3290.302246
2944.547753	1.477669	0.681100	4649.757324
2944.548638	1.439315	0.681100	5923.551270
2944.549613	1.398354	0.681100	7286.946777
2944.550554	1.360924	0.681100	8567.576172
2944.551438	1.128303	0.681100	9564.996094
2944.552537	0.111786	0.681100	9687.848633
2944.553483	0.094849	0.681100	9777.575195
2944.554416	0.094874	0.681100	9866.092773
2944.555274	0.094980	0.681100	9947.585937
2944.556215	0.094889	0.681100	10036.875977
2944.557167	0.094882	0.681100	10127.203125
2944.558060	0.094933	0.681100	10211.978516
2944.558974	0.094966	0.681100	10298.777344
2944.559923	0.094904	0.681100	10388.840820
2944.560860	0.094882	0.681100	10477.745117
2945.530418	1.136873	0.928781	604.816162
2945.531450	1.533160	0.928781	2187.037598
2945.532343	1.510671	0.928781	3536.067139
2945.533285	1.469169	0.928781	4920.023926
2945.534344	1.424106	0.928781	6428.152832
2945.535274	1.385460	0.928781	7716.630859
2945.536136	1.351267	0.928781	8881.422852
2945.537195	0.639946	0.928781	9559.125977
2945.538220	0.096508	0.928781	9658.045898
2945.539094	0.094852	0.928781	9740.947266
2945.540043	0.095039	0.928781	9831.139648
2945.541126	0.094893	0.928781	9933.908203
2945.542033	0.094885	0.928781	10019.968750
2945.542898	0.094852	0.928781	10102.015625
2945.543949	0.095057	0.928781	10201.920898
2945.544952	0.094900	0.928781	10297.105469
2945.545846	0.094933	0.928781	10381.975586
2945.546815	0.094973	0.928781	10474.004883
2946.571463	1.039669	0.686200	449.137085
2946.572369	1.524353	0.686200	1830.200928
2946.573322	1.517549	0.686200	3276.424805
2946.574283	1.476138	0.686200	4694.993164
2946.575159	1.437788	0.686200	5954.495605
2946.576083	1.398970	0.686200	7247.143555
2946.577038	1.361155	0.686200	8547.046875
2946.577976	1.075843	0.686200	9556.188477
2946.578862	0.143170	0.686200	9683.037109
2946.579834	0.094845	0.686200	9775.226562
2946.580754	0.094929	0.686200	9862.561523
2946.581665	0.094973	0.686200	9949.082031
2946.582531	0.095090	0.686200	10031.430664
2946.583619	0.095010	0.686200	10134.801758
2946.584654	0.094958	0.686200	10233.083984
2946.585539	0.094940	0.686200	10317.106445
2946.586459	0.094958	0.686200	10404.468750
2946.587534	0.094969	0.686200	10506.560547
2947.557142	1.108447	0.917844	554.223633
2947.558151	1.532596	0.917844	2100.613525
2947.559037	1.513143	0.917844	3441.258545
2947.560056	1.468989	0.917844	4938.158691
2947.561105	1.424139	0.917844	6432.081055
2947.562008	1.386299	0.917844	7683.908691
2947.562868	1.350707	0.917844	8845.516602
2947.563967	0.602227	0.917844	9507.363281
2947.564936	0.096559	0.917844	9600.928711
2947.565804	0.094900	0.917844	9683.301758
2947.566842	0.095017	0.917844	9781.929687
2947.567877	0.094915	0.917844	9880.166016
2947.568768	0.094933	0.917844	9964.750977
2947.569683	0.094918	0.917844	10051.601562
2947.570765	0.094940	0.917844	10154.327148
2947.571710	0.094867	0.917844	10243.976562
2947.572579	0.094929	0.917844	10326.469727
2947.573630	0.094966	0.917844	10426.278320
2948.598977	1.040259	0.680431	445.230743
2948.599852	1.525096	0.680431	1779.690063
2948.600718	1.521042	0.680431	3096.912842
2948.601716	1.479426	0.680431	4573.380371
2948.602648	1.439304	0.680431	5914.812012
2948.603534	1.402372	0.680431	7157.313477
2948.604486	1.365103	0.680431	8456.890625
2948.605434	1.149023	0.680431	9546.165039
2948.606362	0.159913	0.680431	9694.564453
2948.607225	0.094823	0.680431	9776.396484
2948.608142	0.094885	0.680431	9863.406250
2948.609085	0.094904	0.680431	9952.900391
2948.609982	0.095013	0.680431	10038.126953
2948.611176	0.094937	0.680431	10151.481445
2948.612074	0.094955	0.680431	10236.750977
2948.612986	0.094955	0.680431	10323.349609
2948.613863	0.094995	0.680431	10406.660156
2948.614819	0.094852	0.680431	10497.338867
2949.583045	1.037607	0.947352	449.284027
2949.583907	1.522877	0.947352	1762.004272
2949.584928	1.516791	0.947352	3310.647461
2949.585839	1.476841	0.947352	4656.049316
2949.586723	1.438319	0.947352	5927.523437
2949.587676	1.399479	0.947352	7261.226562
2949.588626	1.361162	0.947352	8554.330078
2949.589549	1.095967	0.947352	9565.907227
2949.590430	0.149861	0.947352	9697.934570
2949.591374	0.094790	0.947352	9787.416016
2949.592331	0.094856	0.947352	9878.193359
2949.593257	0.094871	0.947352	9966.043945
2949.594122	0.094878	0.947352	10048.113281
2949.595098	0.094896	0.947352	10140.732422
2949.596044	0.094948	0.947352	10230.552734
2949.596912	0.094874	0.947352	10312.903320
2949.597795	0.094929	0.947352	10396.725586
2949.598768	0.094893	0.947352	10489.055664
2950.624968	1.047733	0.682671	453.668457
2950.625833	1.524342	0.682671	1772.224365
2950.626952	1.512480	0.682671	3464.689941
2950.627939	1.469301	0.682671	4914.889648
2950.628811	1.431665	0.682671	6163.301758
2950.629883	1.387394	0.682671	7650.587891
2950.630930	1.346891	0.682671	9060.782227
2950.631827	0.641613	0.682671	9636.308594
2950.632758	0.099481	0.682671	9728.925781
2950.633816	0.095035	0.682671	9829.473633
2950.634767	0.094944	0.682671	9919.765625
2950.635632	0.095002	0.682671	10001.942383
2950.636685	0.095090	0.682671	10102.072266
2950.637692	0.094926	0.682671	10197.662109
2950.638577	0.094977	0.682671	10281.716797
2950.639529	0.095072	0.682671	10372.225586
2950.640569	0.095002	0.682671	10471.028320
2950.641497	0.094995	0.682671	10559.183594
2951.611096	1.065066	0.941966	482.474823
2951.611980	1.525909	0.941966	1831.378784
2951.612846	1.519186	0.941966	3146.993652
2951.613946	1.474098	0.941966	4768.501465
2951.614836	1.434489	0.941966	6045.196289
2951.615721	1.397952	0.941966	7282.383301
2951.616719	1.358782	0.941966	8638.447266
2951.617724	0.921182	0.941966	9564.234375
2951.618614	0.114221	0.941966	9665.891602
2951.619474	0.094816	0.941966	9747.432617
2951.620566	0.094966	0.941966	9851.135742
2951.621493	0.094904	0.941966	9939.111328
2951.622377	0.094885	0.941966	10022.990234
2951.623348	0.094991	0.941966	10115.226562
2951.624342	0.094889	0.941966	10209.545898
2951.625219	0.094911	0.941966	10292.783203
2951.626075	0.094918	0.941966	10374.033203
2951.627151	0.094915	0.941966	10476.161133
2952.652492	1.040372	0.667174	455.683044
2952.653356	1.525148	0.667174	1773.410645
2952.654322	1.518706	0.667174	3240.480713
2952.655252	1.478123	0.667174	4615.134766
2952.656178	1.438685	0.667174	5947.357422
2952.657053	1.401053	0.667174	7173.279297
2952.658020	1.362634	0.667174	8490.946289
2952.658947	1.139143	0.667174	9546.931641
2952.659839	0.167274	0.667174	9696.140625
2952.660762	0.094841	0.667174	9783.678711
2952.661711	0.094966	0.667174	9873.800781
2952.662643	0.094900	0.667174	9962.247070
2952.663520	0.094922	0.667174	10045.493164
2952.664500	0.094962	0.667174	10138.555664
2952.665447	0.094955	0.667174	10228.477539
2952.666374	0.094900	0.667174	10316.450195
2952.667233	0.094955	0.667174	10398.016602
2952.668206	0.094856	0.667174	10490.311523
2953.638592	1.030887	0.918122	441.219849
2953.639459	1.523448	0.918122	1762.049683
2953.640502	1.516029	0.918122	3343.268066
2953.641408	1.476050	0.918122	4680.569336
2953.642289	1.437799	0.918122	5947.270508
2953.643163	1.399750	0.918122	7170.651855
2953.644217	1.359423	0.918122	8603.483398
2953.645106	1.082545	0.918122	9565.866211
2953.645983	0.149758	0.918122	9697.204102
2953.646992	0.094885	0.918122	9792.943359
2953.647906	0.094940	0.918122	9879.718750
2953.648804	0.094922	0.918122	9964.958984
2953.649682	0.094860	0.918122	10048.246094
2953.650704	0.094896	0.918122	10145.230469
2953.651602	0.094926	0.918122	10230.473633
2953.652476	0.094969	0.918122	10313.476562
2953.653440	0.095024	0.918122	10405.080078
2953.654407	0.094933	0.918122	10496.879883
2954.678719	1.035081	0.643838	443.014465
2954.679584	1.523881	0.643838	1761.171143
2954.680653	1.515179	0.643838	3380.897949
2954.681540	1.475867	0.643838	4689.991699
2954.682414	1.438282	0.643838	5947.050781
2954.683385	1.398658	0.643838	7305.147949
2954.684352	1.359518	0.643838	8619.801758
2954.685277	1.039684	0.643838	9581.509766
2954.686150	0.137677	0.643838	9701.702148
2954.687198	0.094882	0.643838	9801.137695
2954.688077	0.094966	0.643838	9884.612305
2954.688945	0.094951	0.643838	9967.030273
2954.689866	0.095028	0.643838	10054.550781
2954.690871	0.094944	0.643838	10149.969727
2954.691789	0.094944	0.643838	10237.127930
2954.692664	0.094907	0.643838	10320.171875
2954.693701	0.095050	0.643838	10418.739258
2954.694608	0.094911	0.643838	10504.823242
2955.666515	1.175977	0.857669	667.954651
2955.667478	1.533735	0.857669	2144.941895
2955.668362	1.512231	0.857669	3481.754395
2955.669262	1.471589	0.857669	4806.184570
2955.670365	1.426187	0.857669	6379.268555
2955.671268	1.388368	0.857669	7632.964844
2955.672141	1.353889	0.857669	8814.910156
2955.673188	0.710914	0.857669	9559.237305
2955.674159	0.098430	0.857669	9654.813477
2955.675038	0.094889	0.857669	9738.220703
2955.675923	0.095050	0.857669	9822.339844
2955.677025	0.095010	0.857669	9927.041016
2955.677909	0.094966	0.857669	10010.991211
2955.678765	0.095017	0.857669	10092.326172
2955.679797	0.095043	0.857669	10190.410156
2955.680750	0.094937	0.857669	10280.884766
2955.681631	0.094984	0.857669	10364.565430
2955.682489	0.094995	0.857669	10446.071289
2956.704444	1.027196	0.637578	434.503937
2956.705311	1.524104	0.637578	1755.902100
2956.706337	1.517014	0.637578	3312.358643
2956.707329	1.473142	0.637578	4773.715820
2956.708248	1.434005	0.637578	6091.566406
2956.709114	1.396110	0.637578	7300.597168
2956.710214	1.355116	0.637578	8791.224609
2956.711116	0.914205	0.637578	9615.837891
2956.711979	0.116085	0.637578	9716.019531
2956.713033	0.094889	0.637578	9816.032227
2956.713986	0.094885	0.637578	9906.458008
2956.714864	0.094900	0.637578	9989.780273
2956.715726	0.094995	0.637578	10071.666016
2956.716840	0.094980	0.637578	10177.474609
2956.717760	0.094933	0.637578	10264.812500
2956.718623	0.094922	0.637578	10346.730469
2956.719703	0.094980	0.637578	10449.309570
2956.720673	0.094966	0.637578	10541.426758
2957.693208	1.110769	0.863063	558.716797
2957.694142	1.531604	0.863063	1989.234863
2957.695011	1.516011	0.863063	3306.648193
2957.696085	1.469945	0.863063	4885.369141
2957.697094	1.426468	0.863063	6324.675781
2957.697988	1.389803	0.863063	7567.160156
2957.698991	1.350908	0.863063	8922.121094
2957.700057	0.585575	0.863063	9546.343750
2957.700952	0.097258	0.863063	9633.389648
2957.701808	0.094973	0.863063	9714.686523
2957.702907	0.095028	0.863063	9819.122070
2957.703866	0.094951	0.863063	9910.180664
2957.704739	0.094980	0.863063	9993.098633
2957.705733	0.095032	0.863063	10087.560547
2957.706782	0.094977	0.863063	10187.191406
2957.707674	0.094969	0.863063	10271.904297
2957.708549	0.094926	0.863063	10354.963867
2957.709641	0.095024	0.863063	10458.730469
2958.732577	1.107030	0.611245	584.511841
2958.733599	1.534471	0.611245	2152.741699
2958.734488	1.511774	0.611245	3496.708496
2958.735357	1.472380	0.611245	4776.207031
2958.736446	1.426978	0.611245	6330.185547
2958.737388	1.387837	0.611245	7637.527832
2958.738266	1.353299	0.611245	8825.724609
2958.739241	0.786390	0.611245	9592.455078
2958.740261	0.098895	0.611245	9693.328125
2958.741142	0.094856	0.611245	9776.896484
2958.741998	0.094944	0.611245	9858.167969
2958.743077	0.094951	0.611245	9960.620117
2958.744003	0.094874	0.611245	10048.473633
2958.744867	0.094922	0.611245	10130.486328
2958.745823	0.095010	0.611245	10221.315430
2958.746854	0.094948	0.611245	10319.206055
2958.747755	0.095006	0.611245	10404.806641
2958.748619	0.095002	0.611245	10486.888672
2959.720390	1.031378	0.844263	445.555359
2959.721260	1.524170	0.844263	1771.583252
2959.722274	1.516062	0.844263	3308.870117
2959.723330	1.470751	0.844263	4861.982910
2959.724228	1.431625	0.844263	6147.582031
2959.725134	1.393455	0.844263	7410.051758
2959.726218	1.351285	0.844263	8874.845703
2959.727185	0.737655	0.844263	9588.158203
2959.728048	0.102686	0.844263	9676.775391
2959.729103	0.095050	0.844263	9777.052734
2959.730121	0.094929	0.844263	9873.690430
2959.731007	0.094955	0.844263	9957.820312
2959.731974	0.094977	0.844263	10049.663086
2959.733019	0.094944	0.844263	10148.879883
2959.733933	0.094991	0.844263	10235.702148
2959.734803	0.094907	0.844263	10318.271484
2959.735784	0.095002	0.844263	10411.468750
2959.736813	0.094937	0.844263	10509.158203
2960.758454	1.031693	0.606467	434.342804
2960.759509	1.531216	0.606467	2049.775391
2960.760455	1.512825	0.606467	3480.907715
2960.761332	1.473900	0.606467	4773.518066
2960.762281	1.433441	0.606467	6133.853516
2960.763318	1.390360	0.606467	7575.656738
2960.764212	1.354995	0.606467	8787.022461
2960.765081	0.958001	0.606467	9619.525391
2960.766141	0.106663	0.606467	9732.587891
2960.767077	0.094819	0.606467	9821.338867
2960.767947	0.095021	0.606467	9904.006836
2960.768890	0.095013	0.606467	9993.604492
2960.769942	0.095046	0.606467	10093.593750
2960.770817	0.095032	0.606467	10176.746094
2960.771683	0.094958	0.606467	10258.980469
2960.772709	0.095002	0.606467	10356.453125
2960.773673	0.094966	0.606467	10448.000000
2960.774548	0.094984	0.606467	10531.111328
2961.746903	1.047418	0.812189	464.006287
2961.747787	1.525466	0.812189	1812.518555
2961.748698	1.518457	0.812189	3195.833008
2961.749785	1.473113	0.812189	4797.106445
2961.750678	1.434159	0.812189	6077.810547
2961.751538	1.397637	0.812189	7279.778320
2961.752563	1.357090	0.812189	8670.794922
2961.753540	0.920164	0.812189	9569.794922
2961.754420	0.114760	0.812189	9670.783203
2961.755312	0.094834	0.812189	9755.375000
2961.756411	0.094918	0.812189	9859.690430
2961.757310	0.094911	0.812189	9945.015625
2961.758178	0.094922	0.812189	10027.408203
2961.759208	0.094889	0.812189	10125.143555
2961.760174	0.094907	0.812189	10216.824219
2961.761065	0.094933	0.812189	10301.409180
2961.761922	0.094929	0.812189	10382.763672
2961.763036	0.094958	0.812189	10488.547852
2962.784717	1.059313	0.594733	461.860352
2962.785592	1.525657	0.594733	1796.809937
2962.786637	1.514938	0.594733	3379.919922
2962.787536	1.474970	0.594733	4705.917480
2962.788459	1.435701	0.594733	6031.069336
2962.789333	1.398039	0.594733	7252.956055
2962.790346	1.359144	0.594733	8629.769531
2962.791282	1.018586	0.594733	9583.166016
2962.792159	0.131001	0.594733	9698.053711
2962.793089	0.094790	0.594733	9786.208008
2962.794048	0.094889	0.594733	9877.206055
2962.794940	0.094940	0.594733	9961.892578
2962.795805	0.094962	0.594733	10044.035156
2962.796807	0.094933	0.594733	10139.158203
2962.797727	0.094874	0.594733	10226.442383
2962.798613	0.094893	0.594733	10310.517578
2962.799524	0.094904	0.594733	10396.974609
2962.800470	0.094878	0.594733	10486.729492
2963.774696	1.042976	0.773099	464.124329
2963.775565	1.525155	0.773099	1789.483887
2963.776523	1.517329	0.773099	3243.085205
2963.777449	1.477075	0.773099	4610.856934
2963.778376	1.437601	0.773099	5943.513184
2963.779252	1.400559	0.773099	7170.402832
2963.780232	1.362297	0.773099	8505.454102
2963.781191	1.088112	0.773099	9548.953125
2963.782090	0.142170	0.773099	9676.764648
2963.783006	0.094867	0.773099	9763.663086
2963.783926	0.094915	0.773099	9850.984375
2963.784853	0.094882	0.773099	9938.939453
2963.785710	0.094830	0.773099	10020.208984
2963.786704	0.094874	0.773099	10114.513672
2963.787638	0.094882	0.773099	10203.132812
2963.788522	0.094937	0.773099	10287.056641
2963.789429	0.094874	0.773099	10373.107422
2963.790380	0.094893	0.773099	10463.350586
2964.811238	1.088027	0.575368	493.964417
2964.812121	1.527568	0.575368	1842.807373
2964.813085	1.517355	0.575368	3305.537354
2964.814012	1.476672	0.575368	4674.412598
2964.814933	1.436939	0.575368	5997.833008
2964.815800	1.400281	0.575368	7211.876465
2964.816749	1.362675	0.575368	8505.054687
2964.817698	1.104847	0.575368	9553.554687
2964.818591	0.149081	0.575368	9686.683594
2964.819503	0.094764	0.575368	9773.108398
2964.820416	0.094849	0.575368	9859.705078
2964.821369	0.094882	0.575368	9950.126953
2964.822260	0.094907	0.575368	10034.689453
2964.823190	0.094889	0.575368	10122.936523
2964.824151	0.094904	0.575368	10214.138672
2964.825074	0.094878	0.575368	10301.710937
2964.825930	0.094863	0.575368	10382.914062
2964.826880	0.094867	0.575368	10473.038086
2965.800153	1.069845	0.788406	472.871460
2965.801030	1.525792	0.788406	1810.991211
2965.801902	1.521075	0.788406	3137.368896
2965.802893	1.479045	0.788406	4603.103027
2965.803819	1.438293	0.788406	5934.962891
2965.804742	1.400226	0.788406	7227.371094
2965.805612	1.364407	0.788406	8414.405273
2965.806603	1.116339	0.788406	9520.697266
2965.807535	0.147341	0.788406	9658.019531
2965.808418	0.094764	0.788406	9741.696289
2965.809308	0.094907	0.788406	9826.164062
2965.810245	0.094896	0.788406	9915.082031
2965.811194	0.094988	0.788406	10005.225586
2965.812083	0.095010	0.788406	10089.689453
2965.813012	0.094915	0.788406	10177.865234
2965.813966	0.094958	0.788406	10268.456055
2965.814888	0.094944	0.788406	10355.994141
2965.815748	0.094966	0.788406	10437.665039
2966.839065	1.116248	0.534799	570.402466
2966.839974	1.531831	0.534799	1962.836914
2966.840840	1.516436	0.534799	3276.070312
2966.841944	1.470062	0.534799	4899.019043
2966.842939	1.426967	0.534799	6318.850586
2966.843827	1.390408	0.534799	7553.532715
2966.844805	1.351564	0.534799	8875.362305
2966.845884	0.625265	0.534799	9550.023437
2966.846755	0.097965	0.534799	9635.350586
2966.847629	0.094984	0.534799	9718.367187
2966.848731	0.095013	0.534799	9823.072266
2966.849701	0.094915	0.534799	9915.139648
2966.850569	0.094962	0.534799	9997.566406
2966.851578	0.095032	0.534799	10093.453125
2966.852618	0.094944	0.534799	10192.194336
2966.853506	0.094944	0.534799	10276.504883
2966.854423	0.095017	0.534799	10363.635742
2966.855486	0.094926	0.534799	10464.541992
