time (s)	theta (A)	maj axis/z0	min axis/z0	crossing#mod 255
2856.181418	37.175388	0.748793	0.100000	87
2858.201914	37.252964	0.747080	0.100000	89
2860.227833	37.370651	0.745391	0.100000	91
2862.255388	37.255718	0.746418	0.100000	93
2864.277868	37.220516	0.744044	0.100000	95
2866.306060	37.234421	0.740598	0.100000	97
2868.334636	36.520420	0.758998	0.100000	99
2870.365563	36.163742	0.777952	0.100000	101
2872.394750	35.718109	0.796645	0.100000	103
2874.422749	35.395206	0.814544	0.099572	105
2876.452636	35.005360	0.834082	0.096942	107
2878.480134	34.692631	0.852911	0.094060	109
2880.510081	34.389378	0.872633	0.091545	111
2882.537898	34.146267	0.889891	0.088736	113
2884.566986	34.005150	0.907393	0.086032	115
2886.596019	33.878490	0.924450	0.083562	117
2888.626002	33.798447	0.942805	0.081269	119
2890.655927	33.643890	0.961128	0.078827	121
2892.685542	33.529472	0.981000	0.077371	123
2894.715220	33.277290	1.002409	0.075921	125
2896.744355	33.038769	1.023303	0.074086	127
2898.773855	32.753708	1.045184	0.072668	129
2900.802479	32.477043	1.067278	0.071420	131
2902.832020	32.186478	1.087888	0.070041	133
2904.861488	31.950996	1.107594	0.068693	135
2906.891252	31.722597	1.127271	0.067855	137
2908.920530	31.524277	1.145104	0.067109	139
2910.950087	31.387030	1.162092	0.066198	141
2912.979006	31.252409	1.179015	0.065365	143
2915.007132	31.180159	1.193787	0.065023	145
2917.034483	31.101057	1.208352	0.064110	147
2919.061675	31.037636	1.222653	0.063585	149
2921.088711	31.054375	1.235839	0.062558	151
2923.115177	31.095629	1.249544	0.061936	153
2925.141870	31.158361	1.261872	0.061447	155
2927.168139	31.253719	1.272557	0.060634	157
2929.194287	31.395206	1.282699	0.059925	159
2931.219644	31.534615	1.292259	0.059564	161
2933.245070	31.736433	1.299877	0.058807	163
2935.269977	32.004066	1.306648	0.058369	165
2937.294610	32.224339	1.310707	0.057890	167
2939.319629	32.452290	1.313925	0.057170	169
2941.344575	32.629730	1.318809	0.056847	171
2943.369719	32.727863	1.325031	0.056647	173
2945.395724	32.788742	1.332182	0.056562	175
2947.422189	32.829082	1.338753	0.056468	177
2949.448855	32.822083	1.345083	0.056374	179
2951.476309	32.788422	1.351033	0.056138	181
2953.503716	32.773979	1.357046	0.056027	183
2955.531516	32.760437	1.362789	0.055867	185
2957.558531	32.748035	1.369009	0.055716	187
2959.585682	32.775486	1.376497	0.055424	189
2961.612435	32.782043	1.383254	0.055578	191
2963.638875	32.756222	1.389856	0.055096	193
2965.665438	32.767006	1.395404	0.054594	195
2967.691651	32.742626	1.414811	0.054460	197
2969.716350	32.730995	1.429489	0.055225	199
2971.741043	32.727165	1.427339	0.054904	201
2973.766073	32.734501	1.425902	0.054987	203
2975.791035	32.716709	1.424703	0.054842	205
2977.816369	32.672825	1.423627	0.054306	207
2979.841634	32.644573	1.423609	0.053879	209
2981.867171	32.607113	1.423209	0.053486	211
2983.892905	32.608238	1.424456	0.053151	213
2985.919051	32.539043	1.424608	0.053010	215
2987.945366	32.545425	1.424443	0.052487	217
2989.971912	32.505981	1.425606	0.052218	219
2991.998613	32.487267	1.426059	0.051997	221
2994.025268	32.467888	1.425431	0.051911	223
2996.052114	32.425129	1.425116	0.051884	225
2998.078598	32.400192	1.423759	0.051707	227
3000.104410	32.429836	1.422314	0.051333	229
3002.131203	32.445293	1.421966	0.051325	231
3004.157003	32.444080	1.419553	0.051043	233
3006.182531	32.474556	1.417077	0.051157	235
3008.207543	32.555256	1.415562	0.051114	237
3010.232684	32.633450	1.412356	0.051077	239
3012.257512	32.724602	1.409956	0.051358	241
3014.282105	32.848934	1.407085	0.051588	243
3016.306543	32.991070	1.403064	0.051933	245
3018.331086	33.112103	1.398952	0.052192	247
3020.355580	33.262691	1.395147	0.052416	249
3022.379783	33.409584	1.391575	0.052922	251
3024.404382	33.549061	1.385736	0.053132	253
3026.429102	33.638771	1.382811	0.053455	255
3028.454255	33.733227	1.378819	0.053799	1
3030.479666	33.822865	1.375974	0.054062	3
3032.504770	33.850986	1.373097	0.054621	5
3034.530479	33.864471	1.371299	0.055028	7
3036.556074	33.870808	1.368356	0.055285	9
3038.582090	33.826511	1.368193	0.055482	11
3040.607813	33.813251	1.366649	0.055634	13
3042.633322	33.831501	1.364177	0.055988	15
3044.658920	33.844158	1.361813	0.055832	17
3046.684391	33.839214	1.359883	0.056056	19
3048.709642	33.848541	1.358018	0.055845	21
3050.734804	33.860912	1.355400	0.055755	23
3052.760102	33.897045	1.353593	0.055765	25
3054.785177	33.920940	1.351869	0.055548	27
3056.810582	33.932671	1.349301	0.055320	29
3058.836104	33.928341	1.349385	0.055028	31
3060.861792	33.947521	1.347830	0.054508	33
3062.887716	33.930325	1.346976	0.054313	35
3064.913800	33.929676	1.346719	0.053806	37
3066.940015	33.884300	1.346625	0.053262	39
3068.966158	33.874260	1.347482	0.052941	41
3070.992551	33.805695	1.347688	0.052760	43
3073.018760	33.804691	1.347442	0.052323	45
3075.045021	33.793167	1.347842	0.051979	47
3077.071188	33.780430	1.348601	0.051853	49
3079.097231	33.799751	1.348953	0.051580	51
3081.123341	33.766636	1.349076	0.051524	53
3083.148885	33.796730	1.348012	0.051332	55
3085.174309	33.824223	1.345838	0.051332	57
3087.199840	33.845238	1.344681	0.051181	59
3089.224898	33.918587	1.342018	0.051286	61
3091.250161	34.002674	1.340456	0.051425	63
3093.275140	34.057976	1.337810	0.051387	65
3095.299918	34.170666	1.334287	0.051247	67
3097.324713	34.240932	1.331576	0.051198	69
3099.349513	34.353077	1.327722	0.051295	71
3101.374277	34.447567	1.324621	0.051517	73
3103.398811	34.560848	1.320444	0.051596	75
3105.423711	34.675945	1.317506	0.051921	77
3107.448334	34.766327	1.314198	0.052000	79
3109.473447	34.814365	1.310102	0.052125	81
3111.498507	34.843769	1.308202	0.052018	83
3113.524412	34.879776	1.304977	0.052266	85
3115.549641	34.889393	1.303613	0.052347	87
3117.575159	34.961502	1.301889	0.052626	89
3119.600530	34.940086	1.300444	0.052750	91
3121.626052	34.984398	1.298254	0.052909	93
3123.651606	34.950787	1.297102	0.053125	95
3125.677112	34.957951	1.294827	0.052926	97
3127.702416	34.967590	1.293161	0.052840	99
3129.727728	34.986320	1.291643	0.052988	101
3131.753262	34.982750	1.288708	0.053122	103
3133.778277	34.998428	1.286264	0.053202	105
3135.803601	35.009384	1.284219	0.053104	107
3137.828801	34.981258	1.282612	0.052507	109
3139.854435	34.999233	1.281006	0.052640	111
3141.879902	34.995895	1.280198	0.052527	113
3143.905463	34.995071	1.281667	0.052168	115
3145.931578	34.988121	1.282298	0.052234	117
3147.957285	34.976131	1.281108	0.051661	119
3149.983546	34.911510	1.280294	0.050981	121
3152.010618	34.994381	1.279863	0.051178	123
3154.035774	34.931862	1.279190	0.050781	125
3156.061680	34.901825	1.279473	0.050679	127
3158.087678	34.902195	1.278426	0.050262	129
3160.113574	34.908329	1.278210	0.050230	131
3162.138839	34.928368	1.276418	0.049901	133
3164.164771	34.958889	1.275149	0.049919	135
3166.190146	35.013847	1.272099	0.049882	137
3168.215362	35.035095	1.271157	0.049661	139
3170.240467	35.107819	1.269238	0.049769	141
3172.265926	35.203110	1.266855	0.050004	143
3174.290098	35.278717	1.264098	0.050136	145
3176.315198	35.338100	1.262175	0.050329	147
3178.340321	35.453671	1.258866	0.050306	149
3180.364675	35.543697	1.256340	0.050447	151
3182.389570	35.593506	1.253845	0.050670	153
3184.414491	35.745922	1.247922	0.050877	155
3186.439311	35.848099	1.247186	0.051515	157
3188.464504	35.791454	1.245008	0.051466	159
3190.490096	35.822857	1.244285	0.051495	161
3192.515184	35.823681	1.241314	0.051725	163
3194.540657	35.884514	1.240236	0.051976	165
3196.566153	35.876308	1.238465	0.052040	167
3198.591500	35.916500	1.236154	0.052181	169
3200.616887	35.907257	1.235413	0.052213	171
3202.642643	35.914066	1.235805	0.052791	173
3204.667879	35.925167	1.234298	0.052799	175
3206.692888	35.949100	1.232438	0.052681	177
3208.718260	35.958248	1.229800	0.052450	179
3210.743514	35.973755	1.227079	0.052108	181
3212.768566	35.958244	1.224471	0.052040	183
3214.794093	35.946190	1.222312	0.051256	185
3216.819471	35.986752	1.220961	0.051289	187
3218.844900	35.960506	1.220831	0.051248	189
3220.870344	35.941269	1.219280	0.051039	191
3222.896179	35.941986	1.218756	0.050732	193
3224.921689	35.943798	1.218617	0.050415	195
3226.947516	35.917984	1.218944	0.050260	197
3228.973666	35.940002	1.218769	0.049996	199
3230.999352	35.910076	1.216847	0.049718	201
3233.025280	35.904415	1.216779	0.049322	203
3235.051258	35.870567	1.215295	0.048928	205
3237.077090	35.913376	1.215539	0.048697	207
3239.102710	35.914261	1.214801	0.048752	209
3241.128447	35.912540	1.212213	0.048539	211
3243.154206	35.936638	1.209936	0.048329	213
3245.179279	35.956665	1.208725	0.048223	215
3247.204702	36.010960	1.206866	0.047826	217
3249.229774	36.059177	1.204380	0.048069	219
3251.254738	36.140785	1.202210	0.047753	221
3253.279427	36.189846	1.200591	0.047980	223
3255.304489	36.258610	1.196751	0.048219	225
3257.328821	36.330307	1.193774	0.048125	227
3259.353657	36.412674	1.191278	0.048163	229
3261.378557	36.469357	1.188033	0.048287	231
3263.403378	36.570362	1.185057	0.048130	233
3265.428237	36.603661	1.182872	0.048287	235
3267.453491	36.684486	1.179860	0.048544	237
3269.478507	36.662468	1.178435	0.048521	239
3271.503802	36.723598	1.177814	0.048721	241
3273.529474	36.752232	1.177491	0.049174	243
3275.554570	36.773956	1.174817	0.048891	245
3277.580142	36.778427	1.173050	0.049113	247
3279.605370	36.763866	1.171380	0.049505	249
3281.630883	36.746788	1.170265	0.048974	251
3283.655984	36.751583	1.168648	0.049159	253
3285.681517	36.835358	1.167542	0.048924	255
3287.706527	36.786125	1.165886	0.048816	1
3289.731836	36.791725	1.165274	0.048865	3
3291.757104	36.843555	1.164209	0.048566	5
3293.782251	51.988312	0.589661	0.100000	7
3295.968219	265.653015	0.096103	-0.100000	9
3298.151501	29.675240	0.569047	0.081749	11
3300.154684	30.466208	0.546708	0.084472	13
3302.185902	30.133480	0.544783	0.083115	15
3304.230604	29.587519	0.553957	0.080331	17
