time (s)	coil I (A)	last det (V)	int current (uC)
3936.262893	1.080077	0.671089	488.194763
3936.263770	1.527631	0.671089	1827.926758
3936.264755	1.518907	0.671089	3324.050537
3936.265790	1.473618	0.671089	4849.245117
3936.266686	1.434547	0.671089	6134.599609
3936.267547	1.398018	0.671089	7338.292969
3936.268601	0.823235	0.671089	8205.982422
3936.269538	0.103158	0.671089	8302.641602
3936.270413	0.094808	0.671089	8385.598633
3936.271367	0.094937	0.671089	8476.167969
3936.272389	0.094929	0.671089	8573.185547
3936.273286	0.094896	0.671089	8658.307617
3936.274152	0.094980	0.671089	8740.560547
3936.275213	0.094999	0.671089	8841.354492
3936.276163	0.094973	0.671089	8931.579102
3936.277041	0.094973	0.671089	9014.965820
3936.277964	0.094966	0.671089	9102.619141
3937.255375	1.041621	0.691292	462.479767
3937.256338	1.530245	0.691292	1936.105957
3937.257264	1.517461	0.691292	3341.274902
3937.258159	1.479108	0.691292	4665.076172
3937.259099	1.438293	0.691292	6017.072266
3937.260053	1.398475	0.691292	7351.217773
3937.260988	0.993223	0.691292	8279.880859
3937.261852	0.125592	0.691292	8388.392578
3937.262826	0.094922	0.691292	8480.846680
3937.263755	0.094937	0.691292	8569.042969
3937.264618	0.094948	0.691292	8650.982422
3937.265669	0.094966	0.691292	8750.791016
3937.266547	0.094933	0.691292	8834.141602
3937.267449	0.094955	0.691292	8919.791016
3937.268327	0.094940	0.691292	9003.148437
3937.269269	0.094980	0.691292	9092.620117
3937.270208	0.094988	0.691292	9181.813477
3938.307334	1.070310	0.713947	537.295654
3938.308383	1.533673	0.713947	2146.118652
3938.309333	1.510994	0.713947	3581.562744
3938.310204	1.471857	0.713947	4863.549805
3938.311259	1.427091	0.713947	6369.130859
3938.312273	1.385145	0.713947	7773.667969
3938.313182	0.580906	0.713947	8301.710937
3938.314139	0.098174	0.713947	8395.663086
3938.315187	0.094915	0.713947	8495.133789
3938.316118	0.094900	0.713947	8583.485352
3938.316983	0.094852	0.713947	8665.532227
3938.318037	0.094933	0.713947	8765.591797
3938.319036	0.094867	0.713947	8860.364258
3938.319913	0.094856	0.713947	8943.552734
3938.320895	0.094885	0.713947	9036.730469
3938.321939	0.094871	0.713947	9135.775391
3938.322848	0.094845	0.713947	9221.989258
3939.271099	1.038684	0.712903	439.363373
3939.272135	1.531685	0.712903	2026.188721
3939.273036	1.516450	0.712903	3392.510254
3939.273912	1.478134	0.712903	4687.355469
3939.274882	1.436829	0.712903	6081.079102
3939.275847	1.395981	0.712903	7428.201172
3939.276783	0.928187	0.712903	8296.984375
3939.277649	0.116338	0.712903	8397.733398
3939.278690	0.094790	0.712903	8496.410156
3939.279591	0.094823	0.712903	8581.845703
3939.280470	0.094816	0.712903	8665.188477
3939.281395	0.094911	0.712903	8752.981445
3939.282415	0.094852	0.712903	8849.730469
3939.283323	0.094845	0.712903	8935.849609
3939.284196	0.094830	0.712903	9018.636719
3939.285193	0.094838	0.712903	9113.189453
3939.286101	0.094852	0.712903	9199.315430
3940.332739	1.031305	0.644563	442.429840
3940.333612	1.524122	0.644563	1772.988647
3940.334752	1.514209	0.644563	3499.186768
3940.335699	1.472113	0.644563	4893.277832
3940.336572	1.433976	0.644563	6145.138672
3940.337473	1.395190	0.644563	7402.205078
3940.338583	0.700031	0.644563	8179.238770
3940.339490	0.099675	0.644563	8269.644531
3940.340355	0.094885	0.644563	8351.720703
3940.341380	0.094973	0.644563	8449.068359
3940.342344	0.094878	0.644563	8540.530273
3940.343224	0.094871	0.644563	8624.016602
3940.344106	0.094904	0.644563	8707.721680
3940.345198	0.094929	0.644563	8811.384766
3940.346093	0.094922	0.644563	8896.339844
3940.346956	0.094915	0.644563	8978.250977
3940.347995	0.095068	0.644563	9077.027344
3941.309135	1.050015	0.733891	455.706329
3941.310019	1.525800	0.733891	1804.513184
3941.310898	1.522855	0.733891	3143.103027
3941.311870	1.481847	0.733891	4583.458008
3941.312798	1.441036	0.733891	5920.739746
3941.313690	1.403445	0.733891	7172.612305
3941.314603	1.092572	0.733891	8170.130371
3941.315612	0.133066	0.733891	8304.394531
3941.316536	0.094816	0.733891	8392.003906
3941.317418	0.094969	0.733891	8475.766602
3941.318309	0.094867	0.733891	8560.292969
3941.319256	0.094926	0.733891	8650.187500
3941.320202	0.094937	0.733891	8739.997070
3941.321096	0.094929	0.733891	8824.864258
3941.322011	0.094882	0.733891	8911.680664
3941.322967	0.094929	0.733891	9002.432617
3941.323859	0.094885	0.733891	9087.070312
3942.349248	1.027211	0.675690	438.618988
3942.350115	1.524177	0.675690	1760.080688
3942.351143	1.517820	0.675690	3320.399414
3942.352112	1.475999	0.675690	4750.642090
3942.352991	1.437740	0.675690	6014.416016
3942.353881	1.398977	0.675690	7259.505859
3942.355006	0.826937	0.675690	8189.810547
3942.355903	0.104769	0.675690	8283.789062
3942.356763	0.094764	0.675690	8365.286133
3942.357842	0.094948	0.675690	8467.734375
3942.358817	0.094860	0.675690	8560.222656
3942.359690	0.094896	0.675690	8643.067383
3942.360571	0.094889	0.675690	8726.664062
3942.361655	0.094841	0.675690	8829.471680
3942.362541	0.094852	0.675690	8913.510742
3942.363398	0.094874	0.675690	8994.818359
3942.364438	0.094911	0.675690	9093.525391
3943.354305	1.028324	0.775467	434.981018
3943.355316	1.530776	0.775467	1982.595947
3943.356191	1.517941	0.775467	3310.793945
3943.357116	1.477874	0.775467	4677.827148
3943.357996	1.439154	0.775467	5944.282715
3943.358977	1.398625	0.775467	7316.334473
3943.359932	0.988030	0.775467	8259.903320
3943.360830	0.119484	0.775467	8367.199219
3943.361745	0.094856	0.775467	8453.992187
3943.362705	0.094922	0.775467	8545.117187
3943.363628	0.094871	0.775467	8632.682617
3943.364491	0.094845	0.775467	8714.534180
3943.365458	0.094911	0.775467	8806.313477
3943.366382	0.094918	0.775467	8894.017578
3943.367292	0.094933	0.775467	8980.406250
3943.368163	0.094951	0.775467	9063.108398
3943.369136	0.094926	0.775467	9155.470703
3944.362944	1.026357	0.842257	437.228271
3944.363815	1.523921	0.842257	1764.563354
3944.364750	1.521881	0.842257	3187.522217
3944.365685	1.480554	0.842257	4571.840332
3944.366621	1.439927	0.842257	5919.611816
3944.367508	1.403167	0.842257	7164.220703
3944.368452	1.094678	0.842257	8197.596680
3944.369422	0.138611	0.842257	8332.048828
3944.370355	0.094786	0.842257	8420.484375
3944.371214	0.094845	0.842257	8501.956055
3944.372166	0.094918	0.842257	8592.318359
3944.373116	0.094907	0.842257	8682.480469
3944.374009	0.094900	0.842257	8767.226562
3944.374927	0.094926	0.842257	8854.368164
3944.375853	0.094827	0.842257	8942.177734
3944.376800	0.094834	0.842257	9031.985352
3944.377699	0.094937	0.842257	9117.333008
3945.392056	1.029298	0.774742	432.305176
3945.393019	1.527828	0.774742	1903.604004
3945.393953	1.518402	0.774742	3321.791504
3945.394846	1.479159	0.774742	4642.680664
3945.395764	1.440194	0.774742	5964.778809
3945.396705	1.399603	0.774742	7281.805664
3945.397657	1.027947	0.774742	8260.411133
3945.398544	0.130195	0.774742	8375.894531
3945.399480	0.094783	0.774742	8464.611328
3945.400427	0.094838	0.774742	8554.422852
3945.401348	0.094944	0.774742	8641.866211
3945.402205	0.094819	0.774742	8723.125977
3945.403159	0.094874	0.774742	8813.635742
3945.404085	0.094918	0.774742	8901.530273
3945.405002	0.094980	0.774742	8988.626953
3945.405864	0.094893	0.774742	9070.424805
3945.406833	0.094918	0.774742	9162.400391
3946.378213	1.076649	0.844988	488.798737
3946.379095	1.526404	0.844988	1835.086792
3946.379958	1.520867	0.844988	3147.594727
3946.381065	1.475383	0.844988	4780.843750
3946.381986	1.434796	0.844988	6102.291016
3946.382859	1.398472	0.844988	7323.156738
3946.383850	0.907445	0.844988	8222.434570
3946.384851	0.104465	0.844988	8327.003906
3946.385741	0.094889	0.844988	8411.455078
3946.386620	0.095035	0.844988	8494.991211
3946.387591	0.094991	0.844988	8587.227539
3946.388541	0.094944	0.844988	8677.423828
3946.389469	0.094951	0.844988	8765.538086
3946.390334	0.094904	0.844988	8847.629883
3946.391363	0.094966	0.844988	8945.349609
3946.392252	0.094893	0.844988	9029.708984
3946.393126	0.094988	0.844988	9112.728516
3947.425246	1.048762	0.808278	484.528137
3947.426203	1.530388	0.808278	1949.109619
3947.427122	1.516955	0.808278	3343.191895
3947.428014	1.478082	0.808278	4661.641602
3947.428937	1.437806	0.808278	5988.736816
3947.429891	1.398237	0.808278	7322.655273
3947.430823	1.010006	0.808278	8263.980469
3947.431703	0.125197	0.808278	8374.153320
3947.432681	0.094889	0.808278	8466.955078
3947.433596	0.094926	0.808278	8553.811523
3947.434527	0.094977	0.808278	8642.235352
3947.435387	0.094911	0.808278	8723.858398
3947.436346	0.094944	0.808278	8814.909180
3947.437286	0.094955	0.808278	8904.166992
3947.438160	0.094962	0.808278	8987.164062
3947.439071	0.094926	0.808278	9073.641602
3947.440025	0.094955	0.808278	9164.228516
3948.405696	1.040332	0.919697	446.302399
3948.406576	1.524181	0.919697	1787.581543
3948.407576	1.518292	0.919697	3305.873779
3948.408499	1.477397	0.919697	4669.511719
3948.409424	1.437565	0.919697	5999.258789
3948.410314	1.400508	0.919697	7245.710937
3948.411242	1.076675	0.919697	8244.865234
3948.412193	0.132946	0.919697	8371.296875
3948.413081	0.094882	0.919697	8455.551758
3948.414023	0.094951	0.919697	8544.996094
3948.414992	0.094882	0.919697	8636.936523
3948.415908	0.094889	0.919697	8723.854492
3948.416787	0.094904	0.919697	8807.274414
3948.417742	0.094948	0.919697	8897.949219
3948.418677	0.094841	0.919697	8986.625977
3948.419601	0.094896	0.919697	9074.310547
3948.420483	0.094907	0.919697	9158.018555
3949.451196	1.030148	0.823844	434.722321
3949.452185	1.527956	0.823844	1945.871216
3949.453094	1.518083	0.823844	3325.809082
3949.453979	1.479126	0.823844	4634.835449
3949.454859	1.440044	0.823844	5902.074219
3949.455824	1.399948	0.823844	7253.023437
3949.456782	1.041716	0.823844	8250.987305
3949.457675	0.129287	0.823844	8366.440430
3949.458594	0.094783	0.823844	8453.545898
3949.459557	0.094896	0.823844	8544.930664
3949.460480	0.094937	0.823844	8632.556641
3949.461341	0.094904	0.823844	8714.268555
3949.462329	0.094867	0.823844	8807.997070
3949.463254	0.094893	0.823844	8895.772461
3949.464152	0.094977	0.823844	8981.061523
3949.465026	0.094885	0.823844	9063.991211
3949.465998	0.094933	0.823844	9156.265625
3950.433595	1.144984	0.979816	630.886230
3950.434576	1.533849	0.979816	2135.592041
3950.435511	1.511265	0.979816	3548.624512
3950.436381	1.471571	0.979816	4828.891602
3950.437500	1.425901	0.979816	6424.474609
3950.438413	1.387647	0.979816	7691.395996
3950.439290	0.736681	0.979816	8337.464844
3950.440351	0.098141	0.979816	8441.592773
3950.441324	0.094896	0.979816	8533.926758
3950.442201	0.094911	0.979816	8617.164062
3950.443085	0.094937	0.979816	8701.087891
3950.444180	0.094871	0.979816	8804.971680
3950.445063	0.094863	0.979816	8888.736328
3950.445923	0.094900	0.979816	8970.350586
3950.446992	0.095006	0.979816	9071.912109
3950.447946	0.094819	0.979816	9162.370117
3950.448820	0.094775	0.979816	9245.204102
3951.480590	1.098944	0.799843	548.373108
3951.481501	1.531165	0.799843	1943.263916
3951.482371	1.518417	0.799843	3264.286621
3951.483470	1.471710	0.799843	4881.696289
3951.484467	1.428779	0.799843	6306.189453
3951.485354	1.392034	0.799843	7540.923340
3951.486358	0.741288	0.799843	8285.176758
3951.487415	0.097976	0.799843	8388.737305
3951.488292	0.094874	0.799843	8471.942383
3951.489152	0.094889	0.799843	8553.546875
3951.490203	0.095002	0.799843	8653.394531
3951.491162	0.094958	0.799843	8744.459961
3951.492065	0.094860	0.799843	8830.118164
3951.492940	0.094871	0.799843	8913.129883
3951.494040	0.094863	0.799843	9017.479492
3951.494949	0.094841	0.799843	9103.690430
3951.495816	0.094878	0.799843	9185.949219
3952.459459	1.038442	0.984158	449.645538
3952.460330	1.523558	0.984158	1776.664795
3952.461348	1.517230	0.984158	3321.205078
3952.462275	1.476877	0.984158	4690.270508
3952.463164	1.438180	0.984158	5968.812500
3952.464073	1.400929	0.984158	7242.256836
3952.465047	1.038040	0.984158	8253.307617
3952.465973	0.126266	0.984158	8370.229492
3952.466840	0.094812	0.984158	8452.431641
3952.467792	0.094823	0.984158	8542.703125
3952.468716	0.094823	0.984158	8630.319336
3952.469644	0.094856	0.984158	8718.345703
3952.470523	0.094775	0.984158	8801.653320
3952.471494	0.094918	0.984158	8893.819336
3952.472440	0.094856	0.984158	8983.552734
3952.473336	0.094838	0.984158	9068.527344
3952.474221	0.094834	0.984158	9152.455078
3953.504234	1.079513	0.863361	492.257904
3953.505116	1.527491	0.863361	1839.505371
3953.505991	1.521691	0.863361	3170.984619
3953.507006	1.478928	0.863361	4672.096680
3953.507912	1.437927	0.863361	5974.858887
3953.508830	1.399805	0.863361	7259.879883
3953.509715	1.074598	0.863361	8210.899414
3953.510767	0.115547	0.863361	8332.455078
3953.511659	0.094856	0.863361	8417.066406
3953.512534	0.094977	0.863361	8500.170898
3953.513510	0.094918	0.863361	8592.811523
3953.514473	0.094915	0.863361	8684.213867
3953.515396	0.094889	0.863361	8771.795898
3953.516260	0.094955	0.863361	8853.836914
3953.517295	0.094852	0.863361	8952.008789
3953.518174	0.094911	0.863361	9035.435547
3953.519037	0.094937	0.863361	9117.366211
3954.492145	1.102804	1.014850	516.112244
3954.493096	1.529791	1.014850	1970.943604
3954.494024	1.516271	1.014850	3378.042969
3954.494889	1.477778	1.014850	4656.321289
3954.495862	1.436525	1.014850	6054.059570
3954.496796	1.397344	1.014850	7359.178711
3954.497697	1.029990	1.014850	8287.200195
3954.498634	0.131125	1.014850	8410.064453
3954.499702	0.094896	1.014850	8511.414062
3954.500703	0.094819	1.014850	8606.328125
3954.501591	0.094834	1.014850	8690.541016
3954.502563	0.094889	1.014850	8782.773437
3954.503609	0.094863	1.014850	8882.000000
3954.504533	0.094885	1.014850	8969.673828
3954.505395	0.094816	1.014850	9051.405273
3954.506482	0.094889	1.014850	9154.549805
3954.507467	0.094860	1.014850	9247.986328
3955.527101	1.025332	0.829850	434.740753
3955.528043	1.527286	0.829850	1873.444458
3955.529007	1.517563	0.829850	3336.375488
3955.529933	1.477189	0.829850	4704.251953
3955.530795	1.438964	0.829850	5944.638672
3955.531746	1.399424	0.829850	7275.490723
3955.532711	1.008475	0.829850	8248.669922
3955.533606	0.123127	0.829850	8358.869141
3955.534520	0.094889	0.829850	8445.597656
3955.535443	0.094904	0.829850	8533.193359
3955.536394	0.094893	0.829850	8623.436523
3955.537289	0.094958	0.829850	8708.424805
3955.538215	0.094885	0.829850	8796.288086
3955.539162	0.094882	0.829850	8886.140625
3955.540046	0.094940	0.829850	8970.067383
3955.540963	0.094962	0.829850	9057.147461
3955.541900	0.094907	0.829850	9146.075195
3956.531932	1.062437	0.871120	477.034027
3956.532802	1.525265	0.871120	1804.014526
3956.533865	1.515011	0.871120	3414.471191
3956.534749	1.475640	0.871120	4718.936523
3956.535623	1.437799	0.871120	5975.572754
3956.536610	1.397472	0.871120	7354.877930
3956.537554	0.954111	0.871120	8255.558594
3956.538465	0.114679	0.871120	8360.031250
3956.539346	0.094856	0.871120	8443.599609
3956.540390	0.094922	0.871120	8542.698242
3956.541280	0.094878	0.871120	8627.139648
3956.542158	0.094911	0.871120	8710.471680
3956.543109	0.094904	0.871120	8800.724609
3956.544099	0.094830	0.871120	8894.606445
3956.545020	0.094896	0.871120	8982.005859
3956.545885	0.094856	0.871120	9064.056641
3956.546932	0.094911	0.871120	9163.428711
3957.545802	1.155813	0.916442	656.501770
3957.546842	1.533966	0.916442	2251.826416
3957.547731	1.510301	0.916442	3594.484375
3957.548622	1.469528	0.916442	4903.833496
3957.549728	1.424128	0.916442	6478.919434
3957.550674	1.384570	0.916442	7788.722656
3957.551547	0.636240	0.916442	8344.160156
3957.552581	0.096844	0.916442	8444.296875
3957.553612	0.094830	0.916442	8542.067383
3957.554504	0.094845	0.916442	8626.668945
3957.555465	0.094944	0.916442	8717.910156
3957.556513	0.094896	0.916442	8817.361328
3957.557439	0.094896	0.916442	8905.235352
3957.558305	0.094874	0.916442	8987.396484
3957.559374	0.094911	0.916442	9088.856445
3957.560384	0.094834	0.916442	9184.638672
3957.561275	0.094841	0.916442	9269.142578
3958.577853	1.026965	0.868433	432.352417
3958.578840	1.524536	0.868433	1937.069580
3958.579896	1.512026	0.868433	3533.769531
3958.580807	1.471399	0.868433	4874.213867
3958.581668	1.432786	0.868433	6107.842285
3958.582761	1.388895	0.868433	7625.904785
3958.583776	0.598440	0.868433	8233.321289
3958.584653	0.097939	0.868433	8319.213867
3958.585652	0.094904	0.868433	8414.022461
3958.586711	0.094863	0.868433	8514.482422
3958.587598	0.094852	0.868433	8598.616211
3958.588475	0.094900	0.868433	8681.843750
3958.589566	0.094940	0.868433	8785.423828
3958.590531	0.094867	0.868433	8876.970703
3958.591396	0.094911	0.868433	8959.068359
3958.592422	0.095017	0.868433	9056.555664
3958.593457	0.094922	0.868433	9154.799805
3959.559759	1.160449	0.966245	667.258301
3959.560681	1.532765	0.966245	2080.467529
3959.561616	1.513216	0.966245	3495.324951
3959.562481	1.473311	0.966245	4769.738770
3959.563525	1.430303	0.966245	6262.974609
3959.564399	1.392986	0.966245	7480.444336
3959.565289	0.929531	0.966245	8307.727539
3959.566254	0.115126	0.966245	8418.824219
3959.567193	0.094878	0.966245	8507.915039
3959.568111	0.094830	0.966245	8594.969727
3959.568987	0.094955	0.966245	8678.150391
3959.570005	0.094893	0.966245	8774.750977
3959.570896	0.094830	0.966245	8859.245117
3959.571770	0.094863	0.966245	8942.155273
3959.572700	0.095013	0.966245	9030.517578
3959.573704	0.094830	0.966245	9125.727539
3959.574612	0.094911	0.966245	9211.906250
3960.612324	1.062707	0.931363	494.158966
3960.613218	1.528279	0.931363	1860.440186
3960.614084	1.520735	0.931363	3177.396484
3960.615062	1.479207	0.931363	4624.060547
3960.616013	1.438231	0.931363	5991.818359
3960.616918	1.400105	0.931363	7258.913086
3960.617834	1.070574	0.931363	8239.558594
3960.618763	0.128661	0.931363	8359.084961
3960.619692	0.094739	0.931363	8447.097656
3960.620586	0.094805	0.931363	8531.853516
3960.621564	0.094900	0.931363	8624.666016
3960.622608	0.094874	0.931363	8723.714844
3960.623575	0.094863	0.931363	8815.447266
3960.624461	0.094926	0.931363	8899.551758
3960.625466	0.094911	0.931363	8994.937500
3960.626511	0.094904	0.931363	9094.111328
3960.627400	0.094845	0.931363	9178.428711
3961.585179	1.097450	1.038323	571.771423
3961.586241	1.532816	1.038323	2199.622314
3961.587168	1.509086	1.038323	3598.544678
3961.588036	1.469436	1.038323	4874.015137
3961.589144	1.423491	1.038323	6451.243164
3961.590140	1.382003	1.038323	7827.718262
3961.591047	0.522590	1.038323	8301.708008
3961.592050	0.096724	1.038323	8398.721680
3961.593097	0.094904	1.038323	8498.085937
3961.593990	0.094867	1.038323	8582.801758
3961.594861	0.094948	1.038323	8665.500977
3961.595955	0.094999	1.038323	8769.429687
3961.596911	0.094929	1.038323	8860.181641
3961.597771	0.094889	1.038323	8941.786133
3961.598811	0.095010	1.038323	9040.596680
3961.599837	0.094948	1.038323	9138.012695
3961.600720	0.094911	1.038323	9221.819336
3962.633401	1.031254	0.974196	437.251556
3962.634370	1.527367	0.974196	1917.270264
3962.635306	1.517146	0.974196	3337.318848
3962.636228	1.476899	0.974196	4699.020020
3962.637109	1.438528	0.974196	5966.363281
3962.638066	1.398365	0.974196	7304.599121
3962.639011	0.988521	0.974196	8238.750977
3962.639949	0.119224	0.974196	8350.583008
3962.640806	0.094768	0.974196	8431.798828
3962.641772	0.094863	0.974196	8523.436523
3962.642677	0.094933	0.974196	8609.350586
3962.643555	0.094812	0.974196	8692.595703
3962.644511	0.094794	0.974196	8783.218750
3962.645443	0.094819	0.974196	8871.590820
3962.646361	0.094863	0.974196	8958.675781
3962.647226	0.094882	0.974196	9040.748047
3962.648199	0.094900	0.974196	9133.085937
3963.619856	1.134338	1.051162	566.034851
3963.620793	1.531234	1.051162	2000.801270
3963.621721	1.515238	1.051162	3406.942139
3963.622591	1.476229	1.051162	4691.261719
3963.623562	1.435345	1.051162	6084.981934
3963.624518	1.396088	1.051162	7419.641602
3963.625402	0.982972	1.051162	8288.588867
3963.626290	0.123193	1.051162	8397.984375
3963.627250	0.094856	1.051162	8489.045898
3963.628187	0.094874	1.051162	8577.943359
3963.629078	0.094845	1.051162	8662.450195
3963.629992	0.094911	1.051162	8749.199219
3963.630953	0.094889	1.051162	8840.387695
3963.631884	0.094878	1.051162	8928.718750
3963.632747	0.094973	1.051162	9010.680664
3963.633718	0.094907	1.051162	9102.835937
3963.634639	0.094838	1.051162	9190.181641
3964.647631	1.044294	0.975848	457.400940
3964.648493	1.524001	0.975848	1771.090332
3964.649542	1.516710	0.975848	3362.119141
3964.650422	1.477061	0.975848	4661.932617
3964.651302	1.439172	0.975848	5928.404297
3964.652252	1.399940	0.975848	7258.347656
3964.653236	1.003740	0.975848	8246.028320
3964.654150	0.120212	0.975848	8355.902344
3964.655032	0.094812	0.975848	8439.526367
3964.656118	0.094871	0.975848	8542.555664
3964.657015	0.094893	0.975848	8627.673828
3964.657887	0.094948	0.975848	8710.467773
3964.658750	0.094907	0.975848	8792.373047
3964.659814	0.094929	0.975848	8893.377930
3964.660700	0.094874	0.975848	8977.436523
3964.661624	0.094929	0.975848	9065.151367
3964.662483	0.094911	0.975848	9146.679687
3965.666770	1.059833	0.878693	471.625610
3965.667645	1.525734	0.878693	1806.642578
3965.668652	1.517637	0.878693	3334.902832
3965.669652	1.473483	0.878693	4808.385742
3965.670541	1.435184	0.878693	6084.264648
3965.671402	1.397812	0.878693	7287.781250
3965.672482	0.835177	0.878693	8189.772461
3965.673399	0.104561	0.878693	8285.654297
3965.674276	0.094841	0.878693	8368.830078
3965.675267	0.094893	0.878693	8462.868164
3965.676270	0.094874	0.878693	8558.027344
3965.677158	0.094907	0.878693	8642.304687
3965.678019	0.094878	0.878693	8723.994141
3965.679107	0.094937	0.878693	8827.285156
3965.680028	0.094834	0.878693	8914.626953
3965.680905	0.094922	0.878693	8997.873047
3965.681871	0.094922	0.878693	9089.567383
3966.661056	1.028595	0.937805	441.267242
3966.661926	1.523196	0.937805	1766.447632
3966.662914	1.517911	0.937805	3266.144043
3966.663842	1.477632	0.937805	4637.386719
3966.664764	1.437993	0.937805	5963.216309
3966.665631	1.400812	0.937805	7177.720215
3966.666642	1.033315	0.937805	8222.402344
3966.667570	0.125988	0.937805	8339.318359
3966.668453	0.094812	0.937805	8423.037109
3966.669375	0.094889	0.937805	8510.524414
3966.670314	0.094827	0.937805	8599.566406
3966.671257	0.094830	0.937805	8688.991211
3966.672133	0.094904	0.937805	8772.126953
3966.673095	0.094926	0.937805	8863.445312
3966.674049	0.094823	0.937805	8953.906250
3966.674971	0.094893	0.937805	9041.397461
3966.675833	0.094900	0.937805	9123.201172
3967.704048	1.080835	0.949241	506.911621
3967.704940	1.528063	0.949241	1869.943604
3967.705819	1.520457	0.949241	3206.424805
3967.706756	1.480210	0.949241	4593.381348
3967.707715	1.438594	0.949241	5972.992676
3967.708650	1.399446	0.949241	7281.474609
3967.709515	1.112406	0.949241	8243.706055
3967.710480	0.135538	0.949241	8374.500977
3967.711418	0.094797	0.949241	8463.420898
3967.712335	0.094885	0.949241	8550.430664
3967.713200	0.094830	0.949241	8632.458984
3967.714159	0.094856	0.949241	8723.425781
3967.715102	0.094907	0.949241	8812.922852
3967.715997	0.094911	0.949241	8897.868164
3967.716917	0.094911	0.949241	8985.186523
3967.717877	0.094893	0.949241	9076.283203
3967.718797	0.094904	0.949241	9163.594727
3968.693178	1.039391	1.011281	438.622955
3968.694165	1.528693	1.011281	1947.442505
3968.695092	1.516311	1.011281	3353.062988
3968.695988	1.477280	1.011281	4676.706055
3968.696914	1.437444	1.011281	6007.779297
3968.697883	1.397278	1.011281	7361.741211
3968.698817	0.988143	1.011281	8284.666992
3968.699681	0.125145	1.011281	8392.792969
3968.700640	0.094764	1.011281	8483.671875
3968.701568	0.094893	1.011281	8571.732422
3968.702489	0.094973	1.011281	8659.203125
3968.703356	0.094948	1.011281	8741.522461
3968.704327	0.094966	1.011281	8833.734375
3968.705270	0.094948	1.011281	8923.269531
3968.706161	0.095013	1.011281	9007.926758
3968.707084	0.094984	1.011281	9095.596680
3968.708020	0.094940	1.011281	9184.460937
3969.718494	1.040358	0.967679	454.636322
3969.719368	1.525338	0.967679	1787.781860
3969.720296	1.519702	0.967679	3198.065430
3969.721249	1.478313	0.967679	4606.897461
3969.722182	1.438477	0.967679	5948.996094
3969.723056	1.400973	0.967679	7173.446289
3969.724035	1.059628	0.967679	8210.822266
3969.724994	0.129261	0.967679	8334.784180
3969.725884	0.094867	0.967679	8419.215820
3969.726808	0.094980	0.967679	8506.977539
3969.727734	0.094940	0.967679	8594.892578
3969.728655	0.094944	0.967679	8682.335937
3969.729548	0.094991	0.967679	8767.163086
3969.730469	0.094911	0.967679	8854.576172
3969.731424	0.094911	0.967679	8945.215820
3969.732347	0.095021	0.967679	9032.919922
3969.733221	0.094929	0.967679	9115.887695
3970.734029	1.043720	0.959707	459.236603
3970.734897	1.524664	0.959707	1782.645142
3970.735870	1.517974	0.959707	3259.633301
3970.736796	1.477914	0.959707	4628.181641
3970.737726	1.438356	0.959707	5965.852539
3970.738588	1.400973	0.959707	7173.491211
3970.739566	1.040438	0.959707	8191.039551
3970.740499	0.127969	0.959707	8310.434570
3970.741387	0.094893	0.959707	8394.699219
3970.742304	0.095028	0.959707	8481.839844
3970.743255	0.095017	0.959707	8572.201172
3970.744171	0.094958	0.959707	8659.183594
3970.745059	0.094977	0.959707	8743.523437
3970.745982	0.095010	0.959707	8831.217773
3970.746930	0.094969	0.959707	8921.249023
3970.747856	0.095032	0.959707	9009.248047
3970.748719	0.094948	0.959707	9091.187500
3971.727355	1.100208	1.054110	522.598572
3971.728266	1.529216	1.054110	1915.714600
3971.729165	1.518051	1.054110	3280.441895
3971.730085	1.477441	1.054110	4639.687988
3971.731040	1.436569	1.054110	6011.610840
3971.731963	1.398135	1.054110	7302.089355
3971.732835	1.095011	1.054110	8256.939453
3971.733811	0.128976	1.054110	8382.820312
3971.734749	0.094863	1.054110	8471.801758
3971.735664	0.094984	1.054110	8558.711914
3971.736520	0.094889	1.054110	8639.936523
3971.737495	0.094904	1.054110	8732.467773
3971.738447	0.094962	1.054110	8822.872070
3971.739319	0.095021	1.054110	8905.730469
3971.740236	0.094973	1.054110	8992.821289
3971.741195	0.094937	1.054110	9083.865234
3971.742124	0.094860	1.054110	9171.990234
3972.777185	1.068300	0.826075	492.486084
3972.778081	1.528451	0.826075	1861.978027
3972.778950	1.520284	0.826075	3183.105225
3972.779930	1.478730	0.826075	4632.261230
3972.780880	1.437609	0.826075	5997.989258
3972.781790	1.399680	0.826075	7271.698242
3972.782724	1.054259	0.826075	8256.375977
3972.783690	0.126870	0.826075	8378.932617
3972.784612	0.094893	0.826075	8466.423828
3972.785468	0.094969	0.826075	8547.717773
3972.786435	0.094889	0.826075	8639.475586
3972.787397	0.094926	0.826075	8730.793945
3972.788319	0.094984	0.826075	8818.369141
3972.789192	0.094966	0.826075	8901.274414
3972.790167	0.094926	0.826075	8993.827148
3972.791111	0.094852	0.826075	9083.368164
3972.792004	0.094904	0.826075	9168.117187
3973.752507	1.039625	1.039999	437.682190
3973.753501	1.528759	1.039999	1957.268066
3973.754422	1.516329	1.039999	3353.807617
3973.755302	1.477921	1.039999	4654.377930
3973.756243	1.437605	1.039999	6007.164062
3973.757209	1.397505	1.039999	7357.153809
3973.758126	0.998097	1.039999	8272.408203
3973.759004	0.125511	1.039999	8382.607422
3973.759946	0.094816	1.039999	8471.923828
3973.760882	0.094962	1.039999	8560.808594
3973.761806	0.094944	1.039999	8648.537109
3973.762668	0.094918	1.039999	8730.356445
3973.763641	0.094988	1.039999	8822.779297
3973.764580	0.094999	1.039999	8911.983398
3973.765472	0.095002	1.039999	8996.725586
3973.766393	0.094940	1.039999	9084.165039
3973.767325	0.095010	1.039999	9172.713867
3974.798269	1.032795	0.881408	437.905212
3974.799190	1.524221	0.881408	1841.712891
3974.800150	1.518168	0.881408	3299.153809
3974.801078	1.477452	0.881408	4670.229492
3974.801954	1.439388	0.881408	5931.133789
3974.802905	1.398984	0.881408	7261.567871
3974.803867	1.010222	0.881408	8233.401367
3974.804791	0.121095	0.881408	8345.292969
3974.805653	0.094882	0.881408	8427.081055
3974.806614	0.094977	0.881408	8518.353516
3974.807567	0.094904	0.881408	8608.796875
3974.808463	0.095013	0.881408	8693.928711
3974.809346	0.095010	0.881408	8777.822266
3974.810285	0.094958	0.881408	8866.988281
3974.811228	0.094980	0.881408	8956.554687
3974.812119	0.095021	0.881408	9041.217773
3974.813034	0.095017	0.881408	9128.158203
3975.794395	1.058665	0.987095	474.281738
3975.795260	1.525041	0.987095	1793.442627
3975.796251	1.517959	0.987095	3297.739990
3975.797183	1.476423	0.987095	4673.766602
3975.798092	1.437418	0.987095	5980.379883
3975.799021	1.399376	0.987095	7280.400391
3975.799967	1.011387	0.987095	8237.171875
3975.800893	0.120714	0.987095	8348.953125
3975.801781	0.094973	0.987095	8433.289062
3975.802699	0.094962	0.987095	8520.463867
3975.803659	0.094969	0.987095	8611.634766
3975.804587	0.094977	0.987095	8699.773437
3975.805449	0.095021	0.987095	8781.681641
3975.806415	0.095024	0.987095	8873.475586
3975.807346	0.095054	0.987095	8961.970703
3975.808247	0.095065	0.987095	9047.624023
3975.809125	0.094966	0.987095	9131.003906
3976.808211	1.095787	1.043331	557.755798
3976.809086	1.529575	1.043331	1896.134033
3976.809964	1.517384	1.043331	3228.397217
3976.811072	1.470586	1.043331	4857.806641
3976.812044	1.429417	1.043331	6247.199219
3976.812920	1.392960	1.043331	7467.432617
3976.813955	0.721432	1.043331	8214.114258
3976.814993	0.097280	1.043331	8315.090820
3976.815883	0.094988	1.043331	8399.629883
3976.816823	0.095039	1.043331	8488.966797
3976.817883	0.095010	1.043331	8589.676758
3976.818832	0.094948	1.043331	8679.782227
3976.819694	0.094995	1.043331	8761.667969
3976.820741	0.094988	1.043331	8861.120117
3976.821739	0.094940	1.043331	8955.870117
3976.822631	0.094918	1.043331	9040.537109
3976.823585	0.095028	1.043331	9131.194336
3977.835455	1.032499	0.929881	437.779449
3977.836439	1.527653	0.929881	1940.989624
3977.837360	1.517201	0.929881	3338.331543
3977.838241	1.478053	0.929881	4640.496094
3977.839142	1.439095	0.929881	5937.121094
3977.840094	1.398625	0.929881	7268.612305
3977.841057	1.012313	0.929881	8243.469727
3977.841950	0.124127	0.929881	8354.315430
3977.842866	0.094819	0.929881	8441.169922
3977.843826	0.094940	0.929881	8532.312500
3977.844746	0.094980	0.929881	8619.694336
3977.845611	0.094940	0.929881	8701.817383
3977.846586	0.095024	0.929881	8794.465820
3977.847536	0.094980	0.929881	8884.697266
3977.848424	0.094940	0.929881	8969.003906
3977.849285	0.095024	0.929881	9050.820312
3977.850250	0.094929	0.929881	9142.426758
3978.825966	1.054175	1.086425	501.787201
3978.826902	1.530179	1.086425	1934.035156
3978.827833	1.515311	1.086425	3344.790039
3978.828740	1.476251	1.086425	4683.750000
3978.829658	1.435935	1.086425	6001.938477
3978.830636	1.395824	1.086425	7367.054199
3978.831577	0.952405	1.086425	8263.266602
3978.832441	0.119202	1.086425	8366.256836
3978.833417	0.094907	1.086425	8458.886719
3978.834369	0.094955	1.086425	8549.284180
3978.835265	0.094933	1.086425	8634.343750
3978.836194	0.094988	1.086425	8722.587891
3978.837257	0.095006	1.086425	8823.579102
3978.838265	0.094973	1.086425	8919.312500
3978.839135	0.094937	1.086425	9001.907227
3978.840104	0.094977	1.086425	9093.939453
3978.841159	0.094962	1.086425	9194.125000
3979.867068	1.026259	0.871784	432.054871
3979.868034	1.525100	0.871784	1905.301514
3979.868939	1.518373	0.871784	3279.428955
3979.869853	1.478690	0.871784	4630.951660
3979.870735	1.440264	0.871784	5901.264160
3979.871692	1.400164	0.871784	7241.220703
3979.872629	1.036318	0.871784	8212.250977
3979.873568	0.127928	0.871784	8332.375977
3979.874425	0.094882	0.871784	8413.689453
3979.875389	0.094922	0.871784	8505.194336
3979.876326	0.094900	0.871784	8594.115234
3979.877206	0.094966	0.871784	8677.685547
3979.878115	0.094907	0.871784	8763.956055
3979.879074	0.094940	0.871784	8855.003906
3979.879999	0.094882	0.871784	8942.769531
3979.880871	0.094969	0.871784	9025.583008
3979.881839	0.094940	0.871784	9117.485352
3980.853478	1.083874	1.093717	496.414490
3980.854373	1.527202	1.093717	1863.260498
3980.855314	1.517355	1.093717	3291.091309
3980.856272	1.476039	1.093717	4705.136719
3980.857207	1.436056	1.093717	6047.849121
3980.858077	1.399135	1.093717	7265.096191
3980.859041	1.017404	1.093717	8245.873047
3980.859962	0.122216	1.093717	8358.433594
3980.860890	0.094937	1.093717	8446.535156
3980.861764	0.094984	1.093717	8529.551758
3980.862734	0.094966	1.093717	8621.668945
3980.863689	0.094962	1.093717	8712.357422
3980.864579	0.094984	1.093717	8796.893555
3980.865489	0.094958	1.093717	8883.305664
3980.866429	0.094926	1.093717	8972.536133
3980.867365	0.094926	1.093717	9061.386719
3980.868241	0.094937	1.093717	9144.550781
3981.889816	1.092426	0.880083	564.784058
3981.890877	1.533831	0.880083	2192.178223
3981.891798	1.509565	0.880083	3582.488037
3981.892680	1.470663	0.880083	4879.612793
3981.893679	1.428845	0.880083	6307.029297
3981.894684	1.386365	0.880083	7700.325684
3981.895585	0.673444	0.880083	8307.098633
3981.896448	0.100558	0.880083	8393.879883
3981.897540	0.095043	0.880083	8497.666992
3981.898443	0.095010	0.880083	8583.460937
3981.899317	0.095028	0.880083	8666.515625
3981.900314	0.095028	0.880083	8761.258789
3981.901323	0.095024	0.880083	8857.138672
3981.902198	0.095006	0.880083	8940.268555
3981.903063	0.095039	0.880083	9022.477539
3981.904135	0.095032	0.880083	9124.351562
3981.905055	0.094980	0.880083	9211.733398
3982.887912	1.085936	1.021042	500.616638
3982.888796	1.526953	1.021042	1850.443115
3982.889728	1.518428	1.021042	3265.617676
3982.890599	1.479379	1.021042	4554.156250
3982.891600	1.437074	1.021042	5992.666992
3982.892538	1.398076	1.021042	7304.062500
3982.893408	1.082051	1.021042	8245.446289
3982.894439	0.118352	1.021042	8367.466797
3982.895320	0.094885	1.021042	8451.060547
3982.896242	0.094962	1.021042	8538.615234
3982.897104	0.094999	1.021042	8620.503906
3982.898072	0.094926	1.021042	8712.391602
3982.898994	0.094984	1.021042	8799.966797
3982.899915	0.094973	1.021042	8887.437500
3982.900780	0.094951	1.021042	8969.570312
3982.901755	0.094907	1.021042	9062.104492
3982.902681	0.094999	1.021042	9150.073242
3983.907810	1.081219	0.944717	493.036072
3983.908695	1.527345	0.944717	1844.736328
3983.909564	1.519578	0.944717	3165.249268
3983.910673	1.473380	0.944717	4799.227539
3983.911593	1.433573	0.944717	6118.114746
3983.912475	1.396688	0.944717	7349.993652
3983.913480	0.872703	0.944717	8227.059570
3983.914478	0.101997	0.944717	8328.852539
3983.915360	0.094889	0.944717	8412.544922
3983.916219	0.094995	0.944717	8494.145508
3983.917301	0.094977	0.944717	8596.910156
3983.918205	0.094948	0.944717	8682.743164
3983.919073	0.095021	0.944717	8765.220703
3983.920041	0.095035	0.944717	8857.214844
3983.921065	0.094885	0.944717	8954.376953
3983.921962	0.094856	0.944717	9039.462891
3983.922842	0.094907	0.944717	9122.981445
3984.924869	1.045334	0.889074	450.539154
3984.925742	1.524298	0.889074	1781.251343
3984.926837	1.513608	0.889074	3438.652344
3984.927800	1.470872	0.889074	4855.101562
3984.928690	1.433218	0.889074	6130.665527
3984.929687	1.391891	0.889074	7518.380859
3984.930751	0.660370	0.889074	8221.014648
3984.931642	0.098445	0.889074	8308.728516
3984.932531	0.094933	0.889074	8393.124023
3984.933629	0.095013	0.889074	8497.449219
3984.934591	0.094955	0.889074	8588.795898
3984.935452	0.094958	0.889074	8670.554687
3984.936482	0.095054	0.889074	8768.459961
3984.937503	0.094962	0.889074	8865.416016
3984.938393	0.094933	0.889074	8949.906250
3984.939319	0.094999	0.889074	9037.875000
3984.940351	0.094999	0.889074	9135.914062
3985.927866	1.022831	0.991357	432.657410
3985.928789	1.523914	0.991357	1839.229736
3985.929730	1.517970	0.991357	3267.639648
3985.930657	1.478013	0.991357	4637.757324
3985.931539	1.439630	0.991357	5907.511230
3985.932498	1.400090	0.991357	7250.197754
3985.933427	1.041467	0.991357	8217.720703
3985.934365	0.124768	0.991357	8334.752930
3985.935228	0.094962	0.991357	8416.705078
3985.936322	0.095057	0.991357	8520.698242
3985.937358	0.095032	0.991357	8619.151367
3985.938248	0.094995	0.991357	8703.697266
3985.939135	0.095032	0.991357	8787.990234
3985.940215	0.095002	0.991357	8890.592773
3985.941168	0.094944	0.991357	8981.074219
3985.942030	0.094951	0.991357	9062.921875
3985.943073	0.095054	0.991357	9162.062500
3986.959564	1.051802	0.839606	463.844604
3986.960448	1.526481	0.839606	1813.253540
3986.961369	1.520079	0.839606	3213.246582
3986.962339	1.478503	0.839606	4647.394531
3986.963271	1.437931	0.839606	5987.545898
3986.964140	1.401240	0.839606	7205.223633
3986.965121	1.059316	0.839606	8244.413086
3986.966051	0.128998	0.839606	8364.380859
3986.966956	0.094904	0.839606	8450.268555
3986.967834	0.094896	0.839606	8533.587891
3986.968793	0.094988	0.839606	8624.681641
3986.969724	0.094991	0.839606	8713.119141
3986.970601	0.094933	0.839606	8796.375000
3986.971571	0.094944	0.839606	8888.470703
3986.972490	0.094937	0.839606	8975.717773
3986.973418	0.094944	0.839606	9063.825195
3986.974283	0.094962	0.839606	9145.967773
3987.950799	1.056299	1.060246	465.827728
3987.951678	1.525056	1.060246	1806.352051
3987.952679	1.516205	1.060246	3324.073242
3987.953740	1.470407	1.060246	4884.174805
3987.954643	1.431332	1.060246	6176.667480
3987.955520	1.393224	1.060246	7398.524902
3987.956624	0.703085	1.060246	8174.730469
3987.957586	0.097928	1.060246	8268.937500
3987.958464	0.094988	1.060246	8352.336914
3987.959350	0.094900	1.060246	8436.417969
3987.960451	0.094860	1.060246	8540.858398
3987.961346	0.094915	1.060246	8625.806641
3987.962206	0.094988	1.060246	8707.496094
3987.963239	0.095035	1.060246	8805.667969
3987.964206	0.094867	1.060246	8897.404297
3987.965078	0.094918	1.060246	8980.172852
3987.965934	0.094882	1.060246	9061.391602
3988.988145	1.068842	0.815029	507.699738
3988.989037	1.528323	0.815029	1870.963501
3988.989898	1.520284	0.815029	3179.928223
3988.990867	1.478672	0.815029	4612.761230
3988.991802	1.438261	0.815029	5957.534668
3988.992690	1.401229	0.815029	7201.826172
3988.993559	1.126069	0.815029	8180.380371
3988.994540	0.138497	0.815029	8316.246094
3988.995488	0.094863	0.815029	8406.176758
3988.996383	0.094984	0.815029	8491.187500
3988.997306	0.095013	0.815029	8578.884766
3988.998260	0.094896	0.815029	8669.416016
3988.999184	0.094977	0.815029	8757.174805
3989.000043	0.094951	0.815029	8838.738281
3989.000969	0.094958	0.815029	8926.669922
3989.001920	0.094962	0.815029	9016.978516
3989.002843	0.095028	0.815029	9104.689453
3989.974456	1.021842	1.090236	429.173706
3989.975344	1.522035	1.090236	1780.740845
3989.976455	1.512239	1.090236	3460.838135
3989.977416	1.470421	1.090236	4873.913086
3989.978292	1.432668	1.090236	6128.930664
3989.979342	1.389144	1.090236	7587.532227
3989.980372	0.608694	1.090236	8214.487305
3989.981268	0.097760	1.090236	8302.080078
3989.982228	0.095002	1.090236	8393.282227
3989.983269	0.095072	1.090236	8492.251953
3989.984203	0.095072	1.090236	8581.048828
3989.985063	0.094951	1.090236	8662.707031
3989.986133	0.095116	1.090236	8764.481445
3989.987141	0.094999	1.090236	8860.240234
3989.988022	0.095039	1.090236	8943.969727
3989.989011	0.095061	1.090236	9037.985352
3989.990071	0.095061	1.090236	9138.750000
3991.014643	1.088917	0.810002	524.858093
3991.015583	1.531267	0.810002	1964.249023
3991.016515	1.515747	0.810002	3376.925293
3991.017405	1.476588	0.810002	4691.088867
3991.018324	1.437473	0.810002	6012.126953
3991.019292	1.397443	0.810002	7364.851562
3991.020198	1.017612	0.810002	8286.808594
3991.021085	0.129628	0.810002	8401.788086
3991.022023	0.094900	0.810002	8490.803711
3991.022980	0.094929	0.810002	8581.651367
3991.023857	0.094988	0.810002	8664.956055
3991.024774	0.095046	0.810002	8752.113281
3991.025728	0.094984	0.810002	8842.728516
3991.026658	0.094980	0.810002	8931.060547
3991.027536	0.095021	0.810002	9014.488281
3991.028496	0.095021	0.810002	9105.708008
3991.029419	0.095013	0.810002	9193.405273
3992.002234	1.024439	1.071158	430.264160
3992.003252	1.527294	1.071158	1985.049072
3992.004181	1.514238	1.071158	3391.776367
3992.005108	1.473984	1.071158	4758.160156
3992.005976	1.435177	1.071158	6003.893555
3992.007017	1.393250	1.071158	7454.266602
3992.007912	0.919504	1.071158	8277.222656
3992.008835	0.111497	1.071158	8380.133789
3992.009699	0.094882	1.071158	8462.111328
3992.010692	0.094951	1.071158	8556.397461
3992.011597	0.094984	1.071158	8642.358398
3992.012474	0.094984	1.071158	8725.659180
3992.013494	0.094937	1.071158	8822.494141
3992.014393	0.094926	1.071158	8907.832031
3992.015305	0.094977	1.071158	8994.451172
3992.016177	0.094937	1.071158	9077.235352
3992.017164	0.094973	1.071158	9170.973633
3993.040311	1.025574	0.795057	431.766541
3993.041283	1.528506	0.795057	1917.474121
3993.042204	1.517794	0.795057	3315.362549
3993.043129	1.477636	0.795057	4682.175293
3993.044003	1.439392	0.795057	5940.204102
3993.044963	1.398970	0.795057	7283.214844
3993.045922	1.007655	0.795057	8249.555664
3993.046796	0.127170	0.795057	8360.702148
3993.047839	0.094830	0.795057	8459.610352
3993.048796	0.094915	0.795057	8550.443359
3993.049722	0.094969	0.795057	8638.384766
3993.050596	0.094962	0.795057	8721.381836
3993.051554	0.094995	0.795057	8812.386719
3993.052496	0.094889	0.795057	8901.772461
3993.053388	0.095002	0.795057	8986.514648
3993.054258	0.095039	0.795057	9069.198242
3993.055224	0.095010	0.795057	9160.977539
3994.030794	1.036080	1.051717	453.803192
3994.031661	1.523701	1.051717	1774.852173
3994.032715	1.515238	1.051717	3371.913086
3994.033673	1.473585	1.051717	4783.607422
3994.034542	1.435345	1.051717	6030.922852
3994.035461	1.396758	1.051717	7314.543457
3994.036540	0.816859	1.051717	8195.934570
3994.037437	0.104517	1.051717	8289.685547
3994.038302	0.094856	1.051717	8371.736328
3994.039319	0.095046	1.051717	8468.398437
3994.040279	0.094948	1.051717	8559.547852
3994.041150	0.094984	1.051717	8642.279297
3994.042014	0.095032	1.051717	8724.386719
3994.043119	0.095065	1.051717	8829.433594
3994.044002	0.095006	1.051717	8913.324219
3994.044875	0.095061	1.051717	8996.312500
3994.045731	0.095006	1.051717	9077.637695
3995.064057	1.115746	0.776784	543.368225
3995.065018	1.531150	0.776784	2014.803223
3995.065949	1.515007	0.776784	3425.275146
3995.066817	1.476009	0.776784	4706.451172
3995.067795	1.435053	0.776784	6109.932617
3995.068731	1.396022	0.776784	7416.608887
3995.069606	1.014822	0.776784	8304.578125
3995.070535	0.117891	0.776784	8414.098633
3995.071476	0.094966	0.776784	8503.461914
3995.072407	0.095006	0.776784	8591.912109
3995.073271	0.095046	0.776784	8674.032227
3995.074243	0.095061	0.776784	8766.431641
3995.075192	0.095054	0.776784	8856.637695
3995.076079	0.095006	0.776784	8940.908203
3995.076990	0.095127	0.776784	9027.569336
3995.077942	0.094937	0.776784	9117.949219
3995.078877	0.094973	0.776784	9206.749023
3996.064699	1.026486	0.933027	433.176910
3996.065732	1.528422	0.933027	2012.036377
3996.066705	1.511825	0.933027	3483.041992
3996.067641	1.471318	0.933027	4860.195801
3996.068511	1.431896	0.933027	6105.945312
3996.069615	1.389199	0.933027	7639.621094
3996.070494	0.771632	0.933027	8317.885742
3996.071361	0.103506	0.933027	8407.625000
3996.072401	0.095002	0.933027	8506.427734
3996.073365	0.094995	0.933027	8598.002930
3996.074249	0.094966	0.933027	8681.953125
3996.075107	0.094980	0.933027	8763.446289
3996.076227	0.095039	0.933027	8869.889648
3996.077135	0.094988	0.933027	8956.138672
3996.078004	0.094988	0.933027	9038.682617
3996.079096	0.095028	0.933027	9142.453125
3996.080052	0.095050	0.933027	9233.321289
3997.084620	1.046364	0.879632	455.168152
3997.085484	1.524342	0.879632	1772.199707
3997.086534	1.515718	0.879632	3363.703369
3997.087415	1.476453	0.879632	4664.458008
3997.088305	1.438330	0.879632	5944.571777
3997.089292	1.397476	0.879632	7323.880371
3997.090235	0.976670	0.879632	8244.879883
3997.091163	0.115356	0.879632	8351.930664
3997.092025	0.094984	0.879632	8433.806641
3997.093065	0.095017	0.879632	8532.624023
3997.093960	0.094977	0.879632	8617.627930
3997.094882	0.094999	0.879632	8705.216797
3997.095747	0.095021	0.879632	8787.410156
3997.096739	0.095046	0.879632	8881.696289
3997.097669	0.095006	0.879632	8970.051758
3997.098530	0.094962	0.879632	9051.814453
3997.099544	0.095057	0.879632	9148.202148
3998.099379	1.028873	0.883704	430.069061
3998.100333	1.527184	0.883704	1887.002441
3998.101264	1.517355	0.883704	3299.659668
3998.102155	1.478507	0.883704	4617.009277
3998.103080	1.439070	0.883704	5948.148926
3998.104048	1.398999	0.883704	7302.379883
3998.104955	1.047693	0.883704	8252.637695
3998.105853	0.131906	0.883704	8371.088867
3998.106782	0.094849	0.883704	8459.203125
3998.107737	0.094929	0.883704	8549.860352
3998.108665	0.095010	0.883704	8638.029297
3998.109530	0.094980	0.883704	8720.187500
3998.110483	0.095039	0.883704	8810.759766
3998.111435	0.094922	0.883704	8901.125000
3998.112328	0.094907	0.883704	8985.876953
3998.113206	0.094955	0.883704	9069.247070
3998.114164	0.094904	0.883704	9160.165039
3999.103993	1.116251	0.954148	542.498108
3999.104927	1.530839	0.954148	1972.301270
3999.105858	1.515363	0.954148	3383.104004
3999.106742	1.476782	0.954148	4688.579590
3999.107679	1.436151	0.954148	6034.252930
3999.108640	1.396824	0.954148	7376.600586
3999.109573	0.979006	0.954148	8290.013672
3999.110435	0.123633	0.954148	8396.584961
3999.111497	0.095028	0.954148	8497.504883
3999.112543	0.094937	0.954148	8596.808594
3999.113430	0.095046	0.954148	8681.114258
3999.114299	0.095024	0.954148	8763.690430
3999.115388	0.095138	0.954148	8867.295898
3999.116383	0.095054	0.954148	8961.874023
3999.117279	0.095065	0.954148	9047.051758
3999.118255	0.095043	0.954148	9139.813477
3999.119299	0.095013	0.954148	9239.007812
4000.131786	1.044690	0.868517	449.216705
4000.132758	1.526913	0.868517	1933.376099
4000.133644	1.517875	0.868517	3278.213135
4000.134575	1.477753	0.868517	4654.000977
4000.135439	1.439271	0.868517	5897.531250
4000.136415	1.399340	0.868517	7263.286621
4000.137350	1.053831	0.868517	8248.618164
4000.138237	0.131045	0.868517	8364.855469
4000.139098	0.094860	0.868517	8446.529297
4000.140078	0.094962	0.868517	8539.591797
4000.141026	0.095039	0.868517	8629.688477
4000.141911	0.094984	0.868517	8713.749023
4000.142833	0.095065	0.868517	8801.398437
4000.143790	0.095032	0.868517	8892.343750
4000.144703	0.095013	0.868517	8979.090820
4000.145560	0.095010	0.868517	9060.514648
4000.146506	0.095032	0.868517	9150.415039
4001.125573	1.052937	1.016603	455.921692
4001.126544	1.528660	1.016603	1940.250244
4001.127475	1.516066	1.016603	3351.707520
4001.128349	1.477460	1.016603	4643.007324
4001.129298	1.436744	1.016603	6006.477539
4001.130249	1.397113	1.016603	7335.131836
4001.131188	0.996086	1.016603	8270.457031
4001.132064	0.123325	1.016603	8378.490234
4001.133042	0.094944	1.016603	8471.345703
4001.133948	0.094966	1.016603	8557.384766
4001.134884	0.094999	1.016603	8646.303711
4001.135749	0.094977	1.016603	8728.458984
4001.136714	0.094958	1.016603	8820.093750
4001.137661	0.094984	1.016603	8910.043945
4001.138547	0.094962	1.016603	8994.180664
4001.139428	0.094966	1.016603	9077.845703
4001.140364	0.095050	1.016603	9166.812500
4002.161940	1.108392	0.816939	551.979370
4002.162892	1.532479	0.816939	2010.899536
4002.163773	1.516512	0.816939	3346.946777
4002.164712	1.475482	0.816939	4732.424805
4002.165765	1.430607	0.816939	6238.853516
4002.166660	1.393044	0.816939	7485.628418
4002.167526	0.943370	0.816939	8302.586914
4002.168538	0.107098	0.816939	8410.970703
4002.169499	0.094926	0.816939	8502.194336
4002.170374	0.095065	0.816939	8585.375977
4002.171260	0.095002	0.816939	8669.547852
4002.172348	0.095024	0.816939	8772.934570
4002.173238	0.094969	0.816939	8857.457031
4002.174106	0.095046	0.816939	8939.957031
4002.174987	0.095017	0.816939	9023.666992
4002.176019	0.094999	0.816939	9121.706055
4002.176906	0.094995	0.816939	9205.966797
4003.150819	1.074265	1.042605	473.750916
4003.151745	1.527894	1.042605	1888.581055
4003.152626	1.519193	1.042605	3226.990234
4003.153563	1.478529	1.042605	4612.372070
4003.154517	1.437726	1.042605	5983.962402
4003.155436	1.399193	1.042605	7269.820801
4003.156308	1.114666	1.042605	8241.809570
4003.157262	0.139497	1.042605	8374.889648
4003.158202	0.094977	1.042605	8464.167969
4003.159093	0.094984	1.042605	8548.798828
4003.159973	0.094999	1.042605	8632.397461
4003.160920	0.095057	1.042605	8722.416992
4003.161869	0.094984	1.042605	8812.556641
4003.162757	0.094973	1.042605	8896.892578
4003.163678	0.094969	1.042605	8984.359375
4003.164635	0.095024	1.042605	9075.297852
4003.165562	0.094962	1.042605	9163.328125
4004.184781	1.050234	0.766581	466.304077
4004.185816	1.532919	0.766581	2052.875000
4004.186704	1.515099	0.766581	3398.282715
4004.187583	1.476471	0.766581	4696.100586
4004.188590	1.434349	0.766581	6140.490234
4004.189499	1.394579	0.766581	7408.162109
4004.190428	0.936292	0.766581	8277.976562
4004.191304	0.116056	0.766581	8379.641602
4004.192334	0.094907	0.766581	8477.396484
4004.193231	0.094937	0.766581	8562.554687
4004.194107	0.094958	0.766581	8645.738281
4004.195057	0.094984	0.766581	8735.973633
4004.196037	0.094948	0.766581	8829.022461
4004.196964	0.094958	0.766581	8917.048828
4004.197830	0.094944	0.766581	8999.270508
4004.198865	0.094966	0.766581	9097.560547
4004.199744	0.094955	0.766581	9181.025391
4005.184469	1.064297	0.925425	471.483490
4005.185353	1.525844	0.925425	1820.329224
4005.186270	1.518735	0.925425	3213.009521
4005.187219	1.477874	0.925425	4615.511719
4005.188151	1.437799	0.925425	5955.540527
4005.189031	1.400438	0.925425	7187.926270
4005.190009	1.064868	0.925425	8229.367187
4005.190943	0.128401	0.925425	8349.293945
4005.191850	0.094904	0.925425	8435.371094
4005.192711	0.095057	0.925425	8517.215820
4005.193689	0.095017	0.925425	8610.142578
4005.194619	0.095032	0.925425	8698.522461
4005.195480	0.095013	0.925425	8780.329102
4005.196432	0.095021	0.925425	8870.789062
4005.197356	0.094988	0.925425	8958.557617
4005.198272	0.094951	0.925425	9045.533203
4005.199132	0.094958	0.925425	9127.197266
4006.201885	1.115566	0.810739	571.169983
4006.202788	1.531384	0.810739	1954.010010
4006.203660	1.517794	0.810739	3277.526367
4006.204686	1.473611	0.810739	4789.451172
4006.205696	1.429512	0.810739	6233.257812
4006.206597	1.392283	0.810739	7487.704590
4006.207467	0.877906	0.810739	8251.483398
4006.208579	0.101173	0.810739	8363.988281
4006.209470	0.094926	0.810739	8448.567383
4006.210327	0.094929	0.810739	8529.921875
4006.211411	0.094973	0.810739	8632.873047
4006.212381	0.094962	0.810739	8724.986328
4006.213255	0.094933	0.810739	8807.958008
4006.214118	0.094973	0.810739	8889.919922
4006.215239	0.094951	0.810739	8996.360352
4006.216139	0.094940	0.810739	9081.806641
4006.217003	0.094977	0.810739	9163.866211
4007.228188	1.099431	0.739458	573.903076
4007.229129	1.532845	0.739458	2016.310669
4007.230066	1.513964	0.739458	3434.894531
4007.230935	1.475035	0.739458	4716.700195
4007.231973	1.430973	0.739458	6202.049805
4007.232869	1.393455	0.739458	7450.584961
4007.233756	0.946575	0.739458	8290.197266
4007.234704	0.117656	0.739458	8401.735352
4007.235680	0.094958	0.739458	8494.415039
4007.236599	0.094951	0.739458	8581.674805
4007.237458	0.095043	0.739458	8663.316406
4007.238510	0.095032	0.739458	8763.290039
4007.239395	0.094929	0.739458	8847.302734
4007.240275	0.095017	0.739458	8930.917969
4007.241132	0.095028	0.739458	9012.357422
4007.242184	0.094958	0.739458	9112.253906
4007.243076	0.094991	0.739458	9196.986328
4008.218561	1.029265	0.915629	439.496216
4008.219487	1.523265	0.915629	1850.039917
4008.220430	1.518083	0.915629	3281.592773
4008.221363	1.476885	0.915629	4659.526367
4008.222240	1.438733	0.915629	5921.294922
4008.223161	1.399669	0.915629	7210.390137
4008.224126	1.043434	0.915629	8217.303711
4008.225053	0.126921	0.915629	8334.959961
4008.225927	0.094904	0.915629	8417.905273
4008.226903	0.094966	0.915629	8510.591797
4008.227835	0.094991	0.915629	8599.124023
4008.228753	0.094984	0.915629	8686.319336
4008.229613	0.094984	0.915629	8768.005859
4008.230587	0.095013	0.915629	8860.548828
4008.231535	0.094948	0.915629	8950.558594
4008.232410	0.095013	0.915629	9033.695312
4008.233323	0.094984	0.915629	9120.416016
4009.260992	1.027482	0.720726	440.789642
4009.261870	1.525239	0.720726	1779.949829
4009.262756	1.521643	0.720726	3128.125488
4009.263721	1.480027	0.720726	4556.351562
4009.264677	1.439136	0.720726	5932.165039
4009.265555	1.402079	0.720726	7163.190430
4009.266465	1.130955	0.720726	8192.359375
4009.267422	0.147264	0.720726	8333.291016
4009.268313	0.094874	0.720726	8417.824219
4009.269228	0.094973	0.720726	8504.724609
4009.270183	0.095017	0.720726	8595.465820
4009.271108	0.094929	0.720726	8683.275391
4009.271982	0.094962	0.720726	8766.272461
4009.272969	0.094977	0.720726	8860.014648
4009.273917	0.094969	0.720726	8950.045898
4009.274846	0.095046	0.720726	9038.343750
4009.275708	0.094966	0.720726	9120.204102
4010.242745	1.026390	0.994084	434.163116
4010.243744	1.525137	0.994084	1957.774658
4010.244807	1.510085	0.994084	3562.995605
4010.245718	1.469315	0.994084	4901.541992
4010.246585	1.430358	0.994084	6141.662109
4010.247703	1.385933	0.994084	7691.134766
4010.248670	0.595909	0.994084	8267.378906
4010.249530	0.098463	0.994084	8352.057617
4010.250574	0.095006	0.994084	8451.244141
4010.251616	0.094999	0.994084	8550.232422
4010.252500	0.094991	0.994084	8634.205078
4010.253402	0.094958	0.994084	8719.857422
4010.254463	0.095079	0.994084	8820.736328
4010.255413	0.094988	0.994084	8910.974609
4010.256270	0.094991	0.994084	8992.381836
4010.257284	0.095021	0.994084	9088.732422
4010.258316	0.094999	0.994084	9186.771484
4011.284426	1.040446	0.651532	448.432037
4011.285349	1.525305	0.651532	1856.288696
4011.286284	1.518127	0.651532	3275.737793
4011.287209	1.477921	0.651532	4642.814941
4011.288093	1.439810	0.651532	5915.606445
4011.289026	1.399980	0.651532	7221.788086
4011.289997	1.025321	0.651532	8217.375000
4011.290924	0.122377	0.651532	8330.818359
4011.291789	0.094937	0.651532	8412.938477
4011.292757	0.095046	0.651532	8504.943359
4011.293708	0.095039	0.651532	8595.325195
4011.294602	0.095028	0.651532	8680.280273
4011.295532	0.095050	0.651532	8768.676758
4011.296433	0.094984	0.651532	8854.257812
4011.297378	0.094951	0.651532	8943.986328
4011.298268	0.095032	0.651532	9028.564453
4011.299183	0.094991	0.651532	9115.481445
4012.275652	1.037205	0.941478	447.035187
4012.276523	1.524122	0.941478	1774.545776
4012.277461	1.519819	0.941478	3200.136230
4012.278454	1.477020	0.941478	4666.817383
4012.279377	1.437349	0.941478	5993.490234
4012.280241	1.400486	0.941478	7203.509766
4012.281310	0.951361	0.941478	8220.514648
4012.282190	0.116334	0.941478	8322.888672
4012.283068	0.094805	0.941478	8406.126953
4012.283926	0.094937	0.941478	8487.582031
4012.284996	0.094889	0.941478	8589.113281
4012.285889	0.094922	0.941478	8673.878906
4012.286767	0.094966	0.941478	8757.258789
4012.287769	0.094980	0.941478	8852.429687
4012.288701	0.094948	0.941478	8940.920898
4012.289614	0.095028	0.941478	9027.681641
4012.290477	0.094966	0.941478	9109.636719
4013.299691	1.090181	0.657711	509.114349
4013.300619	1.530121	0.657711	1929.066528
4013.301503	1.518845	0.657711	3271.725586
4013.302438	1.478053	0.657711	4653.705078
4013.303394	1.436774	0.657711	6027.260742
4013.304323	1.398149	0.657711	7326.141602
4013.305189	1.086724	0.657711	8267.244141
4013.306150	0.132957	0.657711	8395.015625
4013.307104	0.094874	0.657711	8485.525391
4013.307990	0.094948	0.657711	8569.648437
4013.308863	0.094958	0.657711	8652.546875
4013.309821	0.094834	0.657711	8743.397461
4013.310768	0.094900	0.657711	8833.267578
4013.311658	0.094929	0.657711	8917.754883
4013.312586	0.094955	0.657711	9005.873047
4013.313542	0.094907	0.657711	9096.604492
4013.314469	0.094904	0.657711	9184.580078
4014.316262	1.079154	0.712408	489.935913
4014.317214	1.530205	0.712408	1946.691162
4014.318146	1.515619	0.712408	3359.248047
4014.319026	1.475669	0.712408	4657.836914
4014.320113	1.430222	0.712408	6212.488281
4014.321155	1.387712	0.712408	7658.484375
4014.322055	0.717689	0.712408	8304.404297
4014.322956	0.101466	0.712408	8395.825195
4014.324036	0.095017	0.712408	8498.443359
4014.324993	0.094962	0.712408	8589.322266
4014.325862	0.095021	0.712408	8671.895508
4014.326897	0.095072	0.712408	8770.294922
4014.327926	0.094940	0.712408	8867.988281
4014.328819	0.095006	0.712408	8952.829102
4014.329753	0.095032	0.712408	9041.588867
4014.330792	0.094962	0.712408	9140.254883
4014.331727	0.095002	0.712408	9229.082031
4015.316162	1.037084	0.742346	443.871857
4015.317080	1.523254	0.742346	1842.219360
4015.318087	1.514440	0.742346	3367.260254
4015.319009	1.474728	0.742346	4726.959473
4015.319889	1.435166	0.742346	5989.905273
4015.320994	1.391169	0.742346	7527.147461
4015.321908	0.834415	0.742346	8289.802734
4015.322786	0.105930	0.742346	8382.809570
4015.323648	0.094889	0.742346	8464.603516
4015.324693	0.094915	0.742346	8563.789062
4015.325580	0.094904	0.742346	8647.968750
4015.326458	0.094933	0.742346	8731.319336
4015.327445	0.094933	0.742346	8825.018555
4015.328371	0.094900	0.742346	8912.895508
4015.329291	0.094948	0.742346	9000.247070
4015.330150	0.094926	0.742346	9081.788086
4015.331173	0.094948	0.742346	9178.918945
4016.350656	1.053684	0.708658	448.869446
4016.351641	1.530630	0.708658	1956.539795
4016.352574	1.516040	0.708658	3371.005127
4016.353468	1.476592	0.708658	4691.078125
4016.354446	1.435598	0.708658	6095.093262
4016.355393	1.395729	0.708658	7416.848633
4016.356272	0.996086	0.708658	8292.408203
4016.357141	0.125024	0.708658	8401.054687
4016.358157	0.094907	0.708658	8497.480469
4016.359079	0.094863	0.708658	8584.944336
4016.359963	0.094991	0.708658	8668.916992
4016.360896	0.094988	0.708658	8757.541016
4016.361822	0.094980	0.708658	8845.493164
4016.362772	0.094955	0.708658	8935.700195
4016.363662	0.094969	0.708658	9020.222656
4016.364587	0.095017	0.708658	9108.113281
4016.365549	0.095021	0.708658	9199.523437
4017.339592	1.047964	0.881114	455.864288
4017.340475	1.525122	0.881114	1802.546997
4017.341394	1.519607	0.881114	3199.065674
4017.342354	1.478320	0.881114	4618.252930
4017.343285	1.438162	0.881114	5957.181641
4017.344157	1.400936	0.881114	7178.797852
4017.345138	1.075693	0.881114	8234.052734
4017.346063	0.132407	0.881114	8356.529297
4017.346959	0.094794	0.881114	8441.464844
4017.347829	0.094915	0.881114	8524.040039
4017.348807	0.094962	0.881114	8616.913086
4017.349762	0.094922	0.881114	8707.563477
4017.350656	0.094955	0.881114	8792.453125
4017.351571	0.094889	0.881114	8879.276367
4017.352530	0.094856	0.881114	8970.243164
4017.353417	0.094933	0.881114	9054.448242
4017.354305	0.094907	0.881114	9138.725586
4018.374856	1.050352	0.690498	457.953247
4018.375726	1.524910	0.690498	1784.624634
4018.376834	1.512949	0.690498	3460.972412
4018.377796	1.470231	0.690498	4875.334473
4018.378687	1.432266	0.690498	6151.483398
4018.379702	1.390642	0.690498	7562.985352
4018.380754	0.628594	0.690498	8224.265625
4018.381646	0.097870	0.690498	8311.565430
4018.382530	0.094874	0.690498	8395.434570
4018.383629	0.095017	0.690498	8499.858398
4018.384581	0.095021	0.690498	8590.318359
4018.385441	0.095046	0.690498	8672.058594
4018.386480	0.095013	0.690498	8770.777344
4018.387504	0.095134	0.690498	8868.195312
4018.388386	0.095010	0.690498	8951.994141
4018.389325	0.095046	0.690498	9041.243164
4018.390384	0.095017	0.690498	9141.866211
4019.370432	1.029972	0.855510	437.738068
4019.371352	1.524327	0.855510	1840.119263
4019.372319	1.517479	0.855510	3307.521484
4019.373255	1.476577	0.855510	4689.597656
4019.374128	1.438345	0.855510	5945.272461
4019.375089	1.398882	0.855510	7289.597656
4019.376008	1.013335	0.855510	8220.852539
4019.376936	0.123973	0.855510	8335.899414
4019.377810	0.094915	0.855510	8418.854492
4019.378784	0.095017	0.855510	8511.401367
4019.379702	0.094984	0.855510	8598.596680
4019.380563	0.095002	0.855510	8680.393555
4019.381541	0.094922	0.855510	8773.227539
4019.382480	0.094980	0.855510	8862.414062
4019.383390	0.094999	0.855510	8948.863281
4019.384248	0.094977	0.855510	9030.353516
4019.385217	0.095013	0.855510	9122.421875
4020.393252	1.121224	0.689342	578.551819
4020.394255	1.533867	0.689342	2117.020752
4020.395136	1.513484	0.689342	3450.399902
4020.396138	1.469843	0.689342	4923.182129
4020.397202	1.424791	0.689342	6439.160156
4020.398081	1.387203	0.689342	7658.511719
4020.398985	0.700052	0.689342	8291.359375
4020.400086	0.096650	0.689342	8397.771484
4020.401051	0.094929	0.689342	8489.377930
4020.401920	0.094904	0.689342	8571.849609
4020.402942	0.095050	0.689342	8668.991211
4020.403971	0.094988	0.689342	8766.733398
4020.404863	0.094995	0.689342	8851.468750
4020.405794	0.094962	0.689342	8939.878906
4020.406866	0.094988	0.689342	9041.706055
4020.407808	0.094955	0.689342	9131.153320
4020.408671	0.095017	0.689342	9213.153320
4021.405946	1.101680	0.728400	526.602905
4021.406841	1.529626	0.728400	1895.618530
4021.407722	1.519369	0.728400	3234.182617
4021.408635	1.479434	0.728400	4584.905273
4021.409605	1.437722	0.728400	5979.495605
4021.410537	1.398966	0.728400	7283.332031
4021.411406	1.110597	0.728400	8248.440430
4021.412391	0.134637	0.728400	8381.058594
4021.413322	0.094882	0.728400	8469.393555
4021.414230	0.095090	0.728400	8555.735352
4021.415088	0.095046	0.728400	8637.285156
4021.416182	0.095109	0.728400	8741.333984
4021.417215	0.095021	0.728400	8839.490234
4021.418094	0.095046	0.728400	8923.036133
4021.419011	0.095098	0.728400	9010.240234
4021.420066	0.094991	0.728400	9110.456055
4021.421011	0.095013	0.728400	9200.244141
4022.411457	1.036597	0.732010	447.809753
4022.412335	1.524987	0.732010	1786.748047
4022.413304	1.519069	0.732010	3258.725586
4022.414262	1.476753	0.732010	4673.455078
4022.415195	1.436946	0.732010	6014.125488
4022.416066	1.399900	0.732010	7233.438477
4022.417117	0.943455	0.732010	8225.009766
4022.418002	0.116272	0.732010	8327.910156
4022.418868	0.094926	0.732010	8410.115234
4022.419797	0.095028	0.732010	8498.396484
4022.420787	0.094973	0.732010	8592.419922
4022.421700	0.094995	0.732010	8679.150391
4022.422574	0.094984	0.732010	8762.166992
4022.423630	0.094907	0.732010	8862.388672
4022.424527	0.094929	0.732010	8947.540039
4022.425405	0.095010	0.732010	9030.958984
4022.426261	0.095065	0.732010	9112.333984
4023.441594	1.028654	0.606632	436.149139
4023.442638	1.530714	0.606632	2034.214722
4023.443677	1.509543	0.606632	3602.630371
4023.444579	1.469011	0.606632	4927.678711
4023.445520	1.429270	0.606632	6272.621582
4023.446573	1.385669	0.606632	7731.730957
4023.447518	0.590116	0.606632	8289.390625
4023.448379	0.098229	0.606632	8373.965820
4023.449437	0.094977	0.606632	8474.451172
4023.450441	0.094937	0.606632	8569.767578
4023.451317	0.094984	0.606632	8652.973633
4023.452299	0.095028	0.606632	8746.291016
4023.453330	0.095002	0.606632	8844.238281
4023.454242	0.094955	0.606632	8930.836914
4023.455099	0.094958	0.606632	9012.216797
4023.456133	0.095035	0.606632	9110.483398
4023.457147	0.094958	0.606632	9206.771484
4024.431344	1.089379	0.826740	514.186768
4024.432278	1.530004	0.826740	1943.210205
4024.433163	1.517805	0.826740	3286.467773
4024.434099	1.477093	0.826740	4669.027344
4024.435042	1.436766	0.826740	6023.897949
4024.435970	1.398091	0.826740	7321.326172
4024.436835	1.094476	0.826740	8268.047852
4024.437759	0.131301	0.826740	8389.370117
4024.438714	0.094871	0.826740	8479.971680
4024.439648	0.094955	0.826740	8568.659180
4024.440509	0.094966	0.826740	8650.424805
4024.441487	0.094951	0.826740	8743.287109
4024.442444	0.094856	0.826740	8834.064453
4024.443336	0.094951	0.826740	8918.760742
4024.444249	0.094911	0.826740	9005.414062
4024.445176	0.094882	0.826740	9093.369141
4024.446113	0.094926	0.826740	9182.314453
4025.473039	1.101639	0.599345	558.531189
4025.473964	1.532303	0.599345	1975.911865
4025.474828	1.517377	0.599345	3286.925293
4025.475882	1.471465	0.599345	4837.849121
4025.476904	1.427787	0.599345	6297.047363
4025.477808	1.390433	0.599345	7553.999023
4025.478681	0.847196	0.599345	8293.601562
4025.479739	0.099862	0.599345	8399.255859
4025.480680	0.094944	0.599345	8488.597656
4025.481560	0.094969	0.599345	8572.170898
4025.482531	0.095105	0.599345	8664.517578
4025.483542	0.094995	0.599345	8760.557617
4025.484420	0.094948	0.599345	8843.921875
4025.485281	0.094958	0.599345	8925.680664
4025.486350	0.095039	0.599345	9027.277344
4025.487283	0.094977	0.599345	9115.890625
4025.488153	0.094991	0.599345	9198.533203
4026.455749	1.036168	0.868791	446.588501
4026.456617	1.523774	0.868791	1769.224609
4026.457578	1.518699	0.868791	3228.694092
4026.458538	1.477321	0.868791	4646.921875
4026.459435	1.438030	0.868791	5936.834473
4026.460324	1.400782	0.868791	7182.129883
4026.461290	1.053549	0.868791	8199.857422
4026.462249	0.126156	0.868791	8320.840820
4026.463144	0.094896	0.868791	8405.773437
4026.464062	0.095032	0.868791	8493.012695
4026.465016	0.095043	0.868791	8583.683594
4026.465934	0.094980	0.868791	8670.875977
4026.466795	0.094973	0.868791	8752.647461
4026.467732	0.094995	0.868791	8841.658203
4026.468693	0.094951	0.868791	8932.906250
4026.469606	0.094984	0.868791	9019.626953
4026.470482	0.094948	0.868791	9102.800781
4027.498170	1.041698	0.609319	437.513153
4027.499250	1.531761	0.609319	2091.815430
4027.500234	1.510496	0.609319	3578.143066
4027.501103	1.471750	0.609319	4857.094238
4027.502122	1.428431	0.609319	6312.666016
4027.503176	1.385317	0.609319	7772.790527
4027.504066	0.632377	0.609319	8335.605469
4027.504960	0.099115	0.609319	8424.213867
4027.506061	0.094940	0.609319	8528.743164
4027.507013	0.094933	0.609319	8619.119141
4027.507870	0.094900	0.609319	8700.448242
4027.508892	0.095035	0.609319	8797.574219
4027.509920	0.094889	0.609319	8895.120117
4027.510815	0.094937	0.609319	8980.087891
4027.511756	0.094995	0.609319	9069.478516
4027.512817	0.094980	0.609319	9170.252930
4027.513747	0.094955	0.609319	9258.560547
4028.480990	1.074448	0.925752	479.203918
4028.481870	1.525931	0.925752	1822.023437
4028.482732	1.519644	0.925752	3131.956055
4028.483733	1.477910	0.925752	4611.344238
4028.484657	1.438242	0.925752	5940.280273
4028.485532	1.401387	0.925752	7166.493652
4028.486474	1.108945	0.925752	8211.120117
4028.487422	0.138109	0.925752	8342.047852
4028.488341	0.094882	0.925752	8429.244141
4028.489234	0.094904	0.925752	8513.993164
4028.490145	0.094937	0.925752	8600.480469
4028.491096	0.094874	0.925752	8690.706055
4028.492025	0.094969	0.925752	8778.932617
4028.492887	0.094926	0.925752	8860.758789
4028.493851	0.094940	0.925752	8952.281250
4028.494784	0.094922	0.925752	9040.843750
4028.495642	0.094926	0.925752	9122.290039
4029.524424	1.042379	0.548282	453.434937
4029.525300	1.525763	0.548282	1790.003296
4029.526273	1.519944	0.548282	3268.908691
4029.527191	1.477533	0.548282	4625.284180
4029.528119	1.438077	0.548282	5959.819824
4029.529007	1.401313	0.548282	7204.186035
4029.529946	1.080308	0.548282	8218.594727
4029.530908	0.134916	0.548282	8348.383789
4029.531834	0.094834	0.548282	8436.200195
4029.532693	0.094944	0.548282	8517.756836
4029.533642	0.094973	0.548282	8607.886719
4029.534571	0.094966	0.548282	8696.110352
4029.535476	0.094999	0.548282	8782.083984
4029.536373	0.094948	0.548282	8867.251953
4029.537312	0.094871	0.548282	8956.335937
4029.538261	0.094889	0.548282	9046.385742
4029.539150	0.094955	0.548282	9130.800781
4030.506183	1.043635	0.934727	455.024963
4030.507046	1.523361	0.934727	1769.685059
4030.508040	1.517446	0.934727	3278.026611
4030.508992	1.476090	0.934727	4683.264648
4030.509892	1.437059	0.934727	5976.618164
4030.510808	1.399446	0.934727	7258.510742
4030.511772	1.032858	0.934727	8254.185547
4030.512688	0.123644	0.934727	8367.443359
4030.513556	0.094852	0.934727	8449.775391
4030.514466	0.094911	0.934727	8536.144531
4030.515429	0.094918	0.934727	8627.550781
4030.516357	0.094973	0.934727	8715.685547
4030.517231	0.094911	0.934727	8798.637695
4030.518201	0.094885	0.934727	8890.676758
4030.519146	0.094889	0.934727	8980.346680
4030.520037	0.094907	0.934727	9064.909180
4030.520914	0.094980	0.934727	9148.207031
4031.549907	1.045594	0.551436	464.243927
4031.550777	1.525660	0.551436	1791.568481
4031.551814	1.515831	0.551436	3363.485596
4031.552847	1.470886	0.551436	4882.911133
4031.553724	1.432203	0.551436	6138.953613
4031.554663	1.393293	0.551436	7447.256348
4031.555735	0.693219	0.551436	8190.387207
4031.556674	0.098397	0.551436	8282.782227
4031.557539	0.094856	0.551436	8364.833008
4031.558576	0.094940	0.551436	8463.286133
4031.559607	0.094863	0.551436	8561.089844
4031.560497	0.094951	0.551436	8645.596680
4031.561452	0.094955	0.551436	8736.278320
4031.562512	0.094984	0.551436	8836.961914
4031.563437	0.094933	0.551436	8924.774414
4031.564299	0.094896	0.551436	9006.575195
4031.565371	0.095010	0.551436	9108.425781
4032.531675	1.057097	0.926614	472.522461
4032.532543	1.524675	0.926614	1795.940674
4032.533530	1.517025	0.926614	3293.244629
4032.534487	1.475508	0.926614	4705.305664
4032.535369	1.436642	0.926614	5972.423828
4032.536289	1.399025	0.926614	7259.526367
4032.537231	1.021736	0.926614	8222.001953
4032.538167	0.121432	0.926614	8335.662109
4032.539059	0.094867	0.926614	8420.283203
4032.539977	0.094794	0.926614	8507.303711
4032.540936	0.094878	0.926614	8598.291992
4032.541863	0.094944	0.926614	8686.304687
4032.542725	0.094900	0.926614	8768.108398
4032.543701	0.094907	0.926614	8860.738281
4032.544626	0.094874	0.926614	8948.497070
4032.545515	0.094929	0.926614	9032.888672
4032.546391	0.094878	0.926614	9116.001953
4033.576426	1.054636	0.522581	498.842957
4033.577354	1.530579	0.522581	1919.219971
4033.578284	1.516941	0.522581	3329.975098
4033.579181	1.477053	0.522581	4654.891602
4033.580096	1.438312	0.522581	5970.946777
4033.581037	1.397772	0.522581	7286.250488
4033.582001	0.991637	0.522581	8242.188477
4033.582878	0.124138	0.522581	8351.057617
4033.583815	0.094871	0.522581	8439.951172
4033.584741	0.094922	0.522581	8527.848633
4033.585637	0.094937	0.522581	8612.912109
4033.586560	0.094794	0.522581	8700.406250
4033.587510	0.094940	0.522581	8790.599609
4033.588442	0.094856	0.522581	8879.004883
4033.589317	0.094904	0.522581	8962.045898
4033.590283	0.094893	0.522581	9053.711914
4033.591201	0.094871	0.522581	9140.802734
4034.558748	1.113827	0.918025	565.824036
4034.559698	1.531619	0.918025	2020.861816
4034.560580	1.515333	0.918025	3357.385742
4034.561552	1.473094	0.918025	4789.233398
4034.562598	1.428230	0.918025	6283.162109
4034.563486	1.390939	0.918025	7518.315430
4034.564355	0.895693	0.918025	8296.672852
4034.565408	0.101927	0.918025	8404.002930
4034.566351	0.094871	0.918025	8493.465820
4034.567226	0.094885	0.918025	8576.490234
4034.568158	0.095006	0.918025	8665.036133
4034.569201	0.094856	0.918025	8763.970703
4034.570093	0.094867	0.918025	8848.591797
4034.570954	0.094867	0.918025	8930.272461
4034.571993	0.094900	0.918025	9028.873047
4034.572948	0.094816	0.918025	9119.421875
4034.573827	0.094922	0.918025	9202.858398
4035.601649	1.106418	0.511596	521.123108
4035.602542	1.529685	0.511596	1887.131836
4035.603408	1.519204	0.511596	3202.762695
4035.604384	1.477628	0.511596	4644.927734
4035.605336	1.437026	0.511596	6012.976562
4035.606232	1.399442	0.511596	7266.876953
4035.607148	1.077975	0.511596	8254.301758
4035.608107	0.130133	0.511596	8379.099609
4035.609028	0.094805	0.511596	8466.415039
4035.609891	0.094911	0.511596	8548.323242
4035.610946	0.095010	0.511596	8648.558594
4035.611988	0.094948	0.511596	8747.494141
4035.612929	0.094907	0.511596	8836.801758
4035.613788	0.094823	0.511596	8918.254883
4035.614831	0.094922	0.511596	9017.258789
4035.615852	0.094951	0.511596	9114.204102
4035.616730	0.094929	0.511596	9197.551758
4036.588806	1.062213	0.789357	530.044373
4036.589729	1.530187	0.789357	1942.406738
4036.590657	1.515169	0.789357	3348.483154
4036.591541	1.476526	0.789357	4653.731934
4036.592496	1.435536	0.789357	6024.668945
4036.593432	1.395981	0.789357	7331.307617
4036.594369	0.972180	0.789357	8242.240234
4036.595247	0.120088	0.789357	8347.677734
4036.596198	0.094867	0.789357	8437.896484
4036.597135	0.094922	0.789357	8526.837891
4036.598045	0.094933	0.789357	8613.226562
4036.598907	0.094955	0.789357	8695.077148
4036.599887	0.094926	0.789357	8788.104492
4036.600822	0.094871	0.789357	8876.808594
4036.601713	0.095010	0.789357	8961.461914
4036.602642	0.095013	0.789357	9049.729492
4036.603565	0.094969	0.789357	9137.386719
4037.624598	1.092253	0.532431	563.602722
4037.625639	1.534072	0.532431	2160.572021
4037.626536	1.511338	0.532431	3516.242187
4037.627415	1.472472	0.532431	4810.544922
4037.628377	1.431486	0.532431	6187.634277
4037.629352	1.390858	0.532431	7543.720703
4037.630249	0.841435	0.532431	8298.488281
4037.631169	0.107560	0.532431	8397.443359
4037.632211	0.094794	0.532431	8496.218750
4037.633089	0.094849	0.532431	8579.496094
4037.633964	0.094893	0.532431	8662.527344
4037.634883	0.094860	0.532431	8749.703125
4037.635900	0.094750	0.532431	8846.063477
4037.636812	0.094819	0.532431	8932.539062
4037.637688	0.094878	0.532431	9015.652344
4037.638795	0.094944	0.532431	9120.754883
4037.639690	0.094904	0.532431	9205.693359
4038.621660	1.054252	0.719498	472.304810
4038.622527	1.525477	0.719498	1794.893677
4038.623461	1.518395	0.719498	3213.074219
4038.624419	1.476940	0.719498	4627.982422
4038.625316	1.438517	0.719498	5918.332031
4038.626240	1.400079	0.719498	7212.005371
4038.627203	1.046920	0.719498	8220.189453
4038.628128	0.126478	0.719498	8337.181641
4038.628992	0.094871	0.719498	8419.149414
4038.629964	0.094918	0.719498	8511.410156
4038.630886	0.094896	0.719498	8598.904297
4038.631799	0.094896	0.719498	8685.544922
4038.632659	0.094929	0.719498	8767.183594
4038.633628	0.094929	0.719498	8859.169922
4038.634568	0.094907	0.719498	8948.382812
4038.635457	0.094937	0.719498	9032.781250
4038.636368	0.094915	0.719498	9119.248047
4039.643611	1.064136	0.610133	475.668640
4039.644477	1.525671	0.610133	1796.900146
4039.645513	1.514865	0.610133	3366.299805
4039.646410	1.475555	0.610133	4689.873047
4039.647293	1.437660	0.610133	5959.326660
4039.648269	1.397472	0.610133	7323.259277
4039.649216	0.978442	0.610133	8249.843750
4039.650145	0.114932	0.610133	8356.615234
4039.651010	0.094768	0.610133	8438.589844
4039.652051	0.094885	0.610133	8537.365234
4039.652940	0.094885	0.610133	8621.717773
4039.653817	0.094907	0.610133	8704.951172
4039.654766	0.094885	0.610133	8794.997070
4039.655745	0.094907	0.610133	8887.911133
4039.656664	0.094838	0.610133	8975.067383
4039.657521	0.094878	0.610133	9056.377930
4039.658611	0.094904	0.610133	9159.823242
4040.656828	1.045518	0.663033	440.162903
4040.657907	1.531315	0.663033	2092.451416
4040.658886	1.509683	0.663033	3570.430664
4040.659773	1.470769	0.663033	4875.002930
4040.660802	1.427322	0.663033	6343.716797
4040.661857	1.384061	0.663033	7803.901367
4040.662750	0.593921	0.663033	8334.272461
4040.663639	0.098375	0.663033	8421.728516
4040.664731	0.094988	0.663033	8525.455078
4040.665681	0.094922	0.663033	8615.630859
4040.666542	0.094955	0.663033	8697.386719
4040.667583	0.094951	0.663033	8796.230469
4040.668601	0.094966	0.663033	8892.905273
4040.669475	0.094940	0.663033	8975.882812
4040.670409	0.094984	0.663033	9064.597656
4040.671462	0.094958	0.663033	9164.588867
4040.672407	0.094893	0.663033	9254.262695
4041.661930	1.083395	0.687581	505.945343
4041.662823	1.528374	0.687581	1870.783325
4041.663786	1.516531	0.687581	3331.202393
4041.664843	1.470326	0.687581	4885.336914
4041.665774	1.430035	0.687581	6216.699707
4041.666643	1.392898	0.687581	7427.127930
4041.667745	0.685452	0.687581	8182.495605
4041.668737	0.097002	0.687581	8278.721680
4041.669616	0.094852	0.687581	8362.096680
4041.670596	0.094984	0.687581	8455.180664
4041.671647	0.094882	0.687581	8554.901367
4041.672546	0.094948	0.687581	8640.258789
4041.673405	0.094962	0.687581	8721.831055
4041.674508	0.094951	0.687581	8826.562500
4041.675477	0.094801	0.687581	8918.424805
4041.676340	0.094867	0.687581	9000.294922
4041.677338	0.094955	0.687581	9095.059570
4042.688733	1.076331	0.617215	484.348755
4042.689612	1.527085	0.617215	1826.656372
4042.690623	1.515883	0.617215	3359.213867
4042.691677	1.470363	0.617215	4908.976074
4042.692563	1.431347	0.617215	6177.148926
4042.693460	1.393319	0.617215	7426.956055
4042.694565	0.692992	0.617215	8192.711914
4042.695512	0.098152	0.617215	8285.662109
4042.696370	0.094900	0.617215	8367.085937
4042.697395	0.095021	0.617215	8464.482422
4042.698422	0.094926	0.617215	8561.970703
4042.699316	0.094922	0.617215	8646.831055
4042.700260	0.095006	0.617215	8736.516602
4042.701306	0.094951	0.617215	8835.835937
4042.702241	0.094904	0.617215	8924.570312
4042.703104	0.094937	0.617215	9006.500977
4042.704167	0.094984	0.617215	9107.468750
4043.683565	1.096055	0.729230	507.473328
4043.684492	1.529366	0.729230	1925.196045
4043.685373	1.518226	0.729230	3262.753418
4043.686313	1.477540	0.729230	4651.641113
4043.687271	1.436510	0.729230	6027.817383
4043.688203	1.397710	0.729230	7330.482910
4043.689066	1.074800	0.729230	8258.035156
4043.690026	0.130009	0.729230	8382.843750
4043.690971	0.094790	0.729230	8472.419922
4043.691862	0.094896	0.729230	8556.972656
4043.692743	0.094882	0.729230	8640.563477
4043.693693	0.094944	0.729230	8730.759766
4043.694638	0.094874	0.729230	8820.416016
4043.695528	0.094885	0.729230	8904.864258
4043.696462	0.094900	0.729230	8993.500977
4043.697410	0.094977	0.729230	9083.539062
4043.698334	0.094907	0.729230	9171.233398
4044.718471	1.203607	0.558478	724.571533
4044.719607	1.532966	0.558478	2466.021484
4044.732723	0.094852	0.558478	3710.104004
4044.735486	0.094948	0.558478	3972.443848
4044.737549	0.094980	0.558478	4168.388672
4044.738527	0.094863	0.558478	4261.165039
4044.739390	0.094951	0.558478	4343.107910
4044.740465	0.095065	0.558478	4445.302246
4044.741505	0.094871	0.558478	4543.967773
4044.742397	0.094991	0.558478	4628.700195
4044.743294	0.094911	0.558478	4713.835449
4044.744370	0.094922	0.558478	4815.971191
4044.745319	0.094885	0.558478	4906.017090
